State,X,Y,Year,NatGasC
AL,6,1,1960,190706
AL,6,1,1961,191533
AL,6,1,1962,201250
AL,6,1,1963,211348
AL,6,1,1964,230316
AL,6,1,1965,236949
AL,6,1,1966,240755
AL,6,1,1967,262055
AL,6,1,1968,296690
AL,6,1,1969,310822
AL,6,1,1970,307750
AL,6,1,1971,294838
AL,6,1,1972,287100
AL,6,1,1973,279958
AL,6,1,1974,282454
AL,6,1,1975,271747
AL,6,1,1976,232758
AL,6,1,1977,248715
AL,6,1,1978,244969
AL,6,1,1979,291485
AL,6,1,1980,278394
AL,6,1,1981,281046
AL,6,1,1982,253487
AL,6,1,1983,230003
AL,6,1,1984,239653
AL,6,1,1985,227795
AL,6,1,1986,210229
AL,6,1,1987,214613
AL,6,1,1988,243209
AL,6,1,1989,253593
AL,6,1,1990,252457
AL,6,1,1991,261816
AL,6,1,1992,288123
AL,6,1,1993,302672
AL,6,1,1994,299322
AL,6,1,1995,332400
AL,6,1,1996,337782
AL,6,1,1997,337453
AL,6,1,1998,341976
AL,6,1,1999,349080
AL,6,1,2000,368472
AL,6,1,2001,344004
AL,6,1,2002,389965
AL,6,1,2003,360505
AL,6,1,2004,391927
AL,6,1,2005,363398
AL,6,1,2006,402044
AL,6,1,2007,430649
AL,6,1,2008,414260
AL,6,1,2009,466272
AL,6,1,2010,544405
AL,6,1,2011,609288
AL,6,1,2012,677380
AL,6,1,2013,625869
AL,6,1,2014,650570
AL,6,1,2015,701582
AL,6,1,2016,715033
AL,6,1,2017,681516
AR,4,2,1960,222202
AR,4,2,1961,215311
AR,4,2,1962,235477
AR,4,2,1963,252846
AR,4,2,1964,278852
AR,4,2,1965,277661
AR,4,2,1966,289632
AR,4,2,1967,295756
AR,4,2,1968,321569
AR,4,2,1969,349990
AR,4,2,1970,383478
AR,4,2,1971,334979
AR,4,2,1972,317640
AR,4,2,1973,327475
AR,4,2,1974,290102
AR,4,2,1975,257445
AR,4,2,1976,248194
AR,4,2,1977,234379
AR,4,2,1978,220898
AR,4,2,1979,255010
AR,4,2,1980,273994
AR,4,2,1981,265051
AR,4,2,1982,227395
AR,4,2,1983,211726
AR,4,2,1984,214432
AR,4,2,1985,199350
AR,4,2,1986,202982
AR,4,2,1987,172340
AR,4,2,1988,218787
AR,4,2,1989,251139
AR,4,2,1990,234465
AR,4,2,1991,212680
AR,4,2,1992,226598
AR,4,2,1993,232682
AR,4,2,1994,247187
AR,4,2,1995,271956
AR,4,2,1996,274991
AR,4,2,1997,264019
AR,4,2,1998,272888
AR,4,2,1999,257666
AR,4,2,2000,256114
AR,4,2,2001,231590
AR,4,2,2002,247899
AR,4,2,2003,254571
AR,4,2,2004,217921
AR,4,2,2005,216600
AR,4,2,2006,240885
AR,4,2,2007,229610
AR,4,2,2008,238424
AR,4,2,2009,248100
AR,4,2,2010,274774
AR,4,2,2011,288906
AR,4,2,2012,300572
AR,4,2,2013,288045
AR,4,2,2014,273009
AR,4,2,2015,296826
AR,4,2,2016,315617
AR,4,2,2017,317614
AZ,1,1,1960,140275
AZ,1,1,1961,159093
AZ,1,1,1962,163461
AZ,1,1,1963,169533
AZ,1,1,1964,174623
AZ,1,1,1965,166063
AZ,1,1,1966,174448
AZ,1,1,1967,169085
AZ,1,1,1968,189965
AZ,1,1,1969,210332
AZ,1,1,1970,204383
AZ,1,1,1971,225898
AZ,1,1,1972,241355
AZ,1,1,1973,226325
AZ,1,1,1974,204955
AZ,1,1,1975,164346
AZ,1,1,1976,180181
AZ,1,1,1977,176449
AZ,1,1,1978,186366
AZ,1,1,1979,180580
AZ,1,1,1980,173977
AZ,1,1,1981,192208
AZ,1,1,1982,142323
AZ,1,1,1983,120418
AZ,1,1,1984,126844
AZ,1,1,1985,137315
AZ,1,1,1986,105197
AZ,1,1,1987,121406
AZ,1,1,1988,128594
AZ,1,1,1989,151468
AZ,1,1,1990,130781
AZ,1,1,1991,128178
AZ,1,1,1992,133771
AZ,1,1,1993,118159
AZ,1,1,1994,139733
AZ,1,1,1995,127945
AZ,1,1,1996,125265
AZ,1,1,1997,137588
AZ,1,1,1998,161086
AZ,1,1,1999,167770
AZ,1,1,2000,208137
AZ,1,1,2001,244424
AZ,1,1,2002,255247
AZ,1,1,2003,275650
AZ,1,1,2004,356264
AZ,1,1,2005,329302
AZ,1,1,2006,365230
AZ,1,1,2007,401992
AZ,1,1,2008,409966
AZ,1,1,2009,377504
AZ,1,1,2010,336208
AZ,1,1,2011,293134
AZ,1,1,2012,339043
AZ,1,1,2013,340375
AZ,1,1,2014,315916
AZ,1,1,2015,365313
AZ,1,1,2016,373916
AZ,1,1,2017,335978
CA,0,3,1960,"1,301,826"
CA,0,3,1961,"1,400,174"
CA,0,3,1962,"1,483,423"
CA,0,3,1963,"1,623,370"
CA,0,3,1964,"1,817,241"
CA,0,3,1965,"1,813,213"
CA,0,3,1966,"1,982,305"
CA,0,3,1967,"2,048,734"
CA,0,3,1968,"2,187,260"
CA,0,3,1969,"2,189,883"
CA,0,3,1970,"2,241,295"
CA,0,3,1971,"2,265,324"
CA,0,3,1972,"2,303,562"
CA,0,3,1973,"2,154,045"
CA,0,3,1974,"1,937,140"
CA,0,3,1975,"1,937,322"
CA,0,3,1976,"1,849,711"
CA,0,3,1977,"1,864,187"
CA,0,3,1978,"1,646,333"
CA,0,3,1979,"1,900,357"
CA,0,3,1980,"1,890,887"
CA,0,3,1981,"1,947,370"
CA,0,3,1982,"1,765,171"
CA,0,3,1983,"1,601,037"
CA,0,3,1984,"1,739,833"
CA,0,3,1985,"1,925,459"
CA,0,3,1986,"1,591,045"
CA,0,3,1987,"1,992,956"
CA,0,3,1988,"1,860,391"
CA,0,3,1989,"2,047,845"
CA,0,3,1990,"2,101,602"
CA,0,3,1991,"2,208,285"
CA,0,3,1992,"2,294,135"
CA,0,3,1993,"2,213,111"
CA,0,3,1994,"2,334,777"
CA,0,3,1995,"2,109,956"
CA,0,3,1996,"2,017,680"
CA,0,3,1997,"2,185,029"
CA,0,3,1998,"2,418,688"
CA,0,3,1999,"2,379,558"
CA,0,3,2000,"2,456,438"
CA,0,3,2001,"2,513,856"
CA,0,3,2002,"2,318,656"
CA,0,3,2003,"2,317,062"
CA,0,3,2004,"2,462,247"
CA,0,3,2005,"2,304,463"
CA,0,3,2006,"2,375,929"
CA,0,3,2007,"2,467,545"
CA,0,3,2008,"2,472,612"
CA,0,3,2009,"2,391,374"
CA,0,3,2010,"2,325,411"
CA,0,3,2011,"2,196,252"
CA,0,3,2012,"2,456,371"
CA,0,3,2013,"2,480,792"
CA,0,3,2014,"2,409,574"
CA,0,3,2015,"2,384,061"
CA,0,3,2016,"2,248,939"
CA,0,3,2017,"2,188,659"
CO,2,3,1960,"194,963"
CO,2,3,1961,"210,872"
CO,2,3,1962,"202,310"
CO,2,3,1963,"180,366"
CO,2,3,1964,"205,251"
CO,2,3,1965,"204,483"
CO,2,3,1966,"207,693"
CO,2,3,1967,"210,209"
CO,2,3,1968,"253,481"
CO,2,3,1969,"268,895"
CO,2,3,1970,"274,987"
CO,2,3,1971,"281,846"
CO,2,3,1972,"301,651"
CO,2,3,1973,"311,694"
CO,2,3,1974,"302,725"
CO,2,3,1975,"280,996"
CO,2,3,1976,"276,287"
CO,2,3,1977,"253,994"
CO,2,3,1978,"234,600"
CO,2,3,1979,"260,824"
CO,2,3,1980,"254,569"
CO,2,3,1981,"210,509"
CO,2,3,1982,"224,991"
CO,2,3,1983,"215,094"
CO,2,3,1984,"230,105"
CO,2,3,1985,"218,723"
CO,2,3,1986,"198,439"
CO,2,3,1987,"210,148"
CO,2,3,1988,"228,950"
CO,2,3,1989,"249,848"
CO,2,3,1990,"247,756"
CO,2,3,1991,"275,761"
CO,2,3,1992,"266,362"
CO,2,3,1993,"294,917"
CO,2,3,1994,"280,366"
CO,2,3,1995,"295,686"
CO,2,3,1996,"322,813"
CO,2,3,1997,"318,292"
CO,2,3,1998,"334,257"
CO,2,3,1999,"335,458"
CO,2,3,2000,"370,911"
CO,2,3,2001,"469,766"
CO,2,3,2002,"463,532"
CO,2,3,2003,"442,361"
CO,2,3,2004,"446,103"
CO,2,3,2005,"483,960"
CO,2,3,2006,"465,259"
CO,2,3,2007,"519,918"
CO,2,3,2008,"514,880"
CO,2,3,2009,"533,677"
CO,2,3,2010,"510,877"
CO,2,3,2011,"481,614"
CO,2,3,2012,"461,056"
CO,2,3,2013,"485,106"
CO,2,3,2014,"501,498"
CO,2,3,2015,"494,922"
CO,2,3,2016,"468,803"
CO,2,3,2017,"466,263"
CT,9,5,1960,"29,449"
CT,9,5,1961,"31,424"
CT,9,5,1962,"33,355"
CT,9,5,1963,"35,575"
CT,9,5,1964,"38,627"
CT,9,5,1965,"41,720"
CT,9,5,1966,"48,744"
CT,9,5,1967,"50,826"
CT,9,5,1968,"54,053"
CT,9,5,1969,"58,405"
CT,9,5,1970,"61,543"
CT,9,5,1971,"62,417"
CT,9,5,1972,"65,032"
CT,9,5,1973,"63,548"
CT,9,5,1974,"67,139"
CT,9,5,1975,"64,331"
CT,9,5,1976,"66,382"
CT,9,5,1977,"64,709"
CT,9,5,1978,"66,038"
CT,9,5,1979,"68,752"
CT,9,5,1980,"74,180"
CT,9,5,1981,"78,750"
CT,9,5,1982,"80,359"
CT,9,5,1983,"76,585"
CT,9,5,1984,"83,491"
CT,9,5,1985,"80,561"
CT,9,5,1986,"81,269"
CT,9,5,1987,"94,690"
CT,9,5,1988,"90,950"
CT,9,5,1989,"102,005"
CT,9,5,1990,"108,957"
CT,9,5,1991,"115,834"
CT,9,5,1992,"126,174"
CT,9,5,1993,"125,889"
CT,9,5,1994,"134,404"
CT,9,5,1995,"144,937"
CT,9,5,1996,"139,151"
CT,9,5,1997,"148,622"
CT,9,5,1998,"134,925"
CT,9,5,1999,"155,902"
CT,9,5,2000,"163,717"
CT,9,5,2001,"149,350"
CT,9,5,2002,"181,671"
CT,9,5,2003,"157,310"
CT,9,5,2004,"166,057"
CT,9,5,2005,"171,429"
CT,9,5,2006,"175,963"
CT,9,5,2007,"183,604"
CT,9,5,2008,"169,802"
CT,9,5,2009,"188,571"
CT,9,5,2010,"203,814"
CT,9,5,2011,"236,016"
CT,9,5,2012,"236,260"
CT,9,5,2013,"240,102"
CT,9,5,2014,"242,227"
CT,9,5,2015,"260,925"
CT,9,5,2016,"254,652"
CT,9,5,2017,"246,334"
DC,8,4,1960,"12,951"
DC,8,4,1961,"13,721"
DC,8,4,1962,"14,742"
DC,8,4,1963,"15,335"
DC,8,4,1964,"16,266"
DC,8,4,1965,"17,315"
DC,8,4,1966,"17,611"
DC,8,4,1967,"21,923"
DC,8,4,1968,"22,957"
DC,8,4,1969,"25,229"
DC,8,4,1970,"26,402"
DC,8,4,1971,"27,663"
DC,8,4,1972,"28,976"
DC,8,4,1973,"28,177"
DC,8,4,1974,"27,559"
DC,8,4,1975,"26,210"
DC,8,4,1976,"29,040"
DC,8,4,1977,"26,212"
DC,8,4,1978,"26,551"
DC,8,4,1979,"30,129"
DC,8,4,1980,"27,952"
DC,8,4,1981,"29,429"
DC,8,4,1982,"29,778"
DC,8,4,1983,"29,633"
DC,8,4,1984,"29,802"
DC,8,4,1985,"29,336"
DC,8,4,1986,"29,972"
DC,8,4,1987,"31,422"
DC,8,4,1988,"33,079"
DC,8,4,1989,"33,757"
DC,8,4,1990,"29,095"
DC,8,4,1991,"31,287"
DC,8,4,1992,"33,187"
DC,8,4,1993,"33,325"
DC,8,4,1994,"31,188"
DC,8,4,1995,"33,201"
DC,8,4,1996,"34,213"
DC,8,4,1997,"34,826"
DC,8,4,1998,"31,235"
DC,8,4,1999,"32,964"
DC,8,4,2000,"34,377"
DC,8,4,2001,"30,577"
DC,8,4,2002,"33,688"
DC,8,4,2003,"33,700"
DC,8,4,2004,"33,097"
DC,8,4,2005,"33,753"
DC,8,4,2006,"29,775"
DC,8,4,2007,"33,856"
DC,8,4,2008,"32,774"
DC,8,4,2009,"34,339"
DC,8,4,2010,"33,717"
DC,8,4,2011,"33,389"
DC,8,4,2012,"29,389"
DC,8,4,2013,"33,725"
DC,8,4,2014,"35,302"
DC,8,4,2015,"33,654"
DC,8,4,2016,"30,160"
DC,8,4,2017,"31,358"
DE,9,3,1960,"9,351"
DE,9,3,1961,"9,708"
DE,9,3,1962,"14,999"
DE,9,3,1963,"17,082"
DE,9,3,1964,"17,826"
DE,9,3,1965,"18,742"
DE,9,3,1966,"19,845"
DE,9,3,1967,"21,948"
DE,9,3,1968,"25,069"
DE,9,3,1969,"26,949"
DE,9,3,1970,"26,949"
DE,9,3,1971,"26,981"
DE,9,3,1972,"24,569"
DE,9,3,1973,"23,408"
DE,9,3,1974,"20,772"
DE,9,3,1975,"18,975"
DE,9,3,1976,"19,662"
DE,9,3,1977,"16,261"
DE,9,3,1978,"21,263"
DE,9,3,1979,"25,758"
DE,9,3,1980,"30,840"
DE,9,3,1981,"31,716"
DE,9,3,1982,"28,752"
DE,9,3,1983,"35,512"
DE,9,3,1984,"43,865"
DE,9,3,1985,"39,456"
DE,9,3,1986,"33,604"
DE,9,3,1987,"37,254"
DE,9,3,1988,"29,930"
DE,9,3,1989,"35,901"
DE,9,3,1990,"40,145"
DE,9,3,1991,"43,374"
DE,9,3,1992,"40,994"
DE,9,3,1993,"43,069"
DE,9,3,1994,"50,397"
DE,9,3,1995,"62,739"
DE,9,3,1996,"55,935"
DE,9,3,1997,"48,141"
DE,9,3,1998,"42,322"
DE,9,3,1999,"58,089"
DE,9,3,2000,"50,181"
DE,9,3,2001,"51,817"
DE,9,3,2002,"53,782"
DE,9,3,2003,"47,978"
DE,9,3,2004,"49,739"
DE,9,3,2005,"48,639"
DE,9,3,2006,"44,788"
DE,9,3,2007,"49,937"
DE,9,3,2008,"49,752"
DE,9,3,2009,"51,652"
DE,9,3,2010,"56,087"
DE,9,3,2011,"81,710"
DE,9,3,2012,"104,421"
DE,9,3,2013,"100,682"
DE,9,3,2014,"107,057"
DE,9,3,2015,"107,828"
DE,9,3,2016,"113,556"
DE,9,3,2017,"103,105"
FL,7,0,1960,"142,900"
FL,7,0,1961,"148,894"
FL,7,0,1962,"162,843"
FL,7,0,1963,"179,441"
FL,7,0,1964,"189,595"
FL,7,0,1965,"191,669"
FL,7,0,1966,"220,568"
FL,7,0,1967,"234,326"
FL,7,0,1968,"286,653"
FL,7,0,1969,"326,855"
FL,7,0,1970,"350,626"
FL,7,0,1971,"350,527"
FL,7,0,1972,"311,235"
FL,7,0,1973,"324,892"
FL,7,0,1974,"302,002"
FL,7,0,1975,"292,139"
FL,7,0,1976,"300,867"
FL,7,0,1977,"315,950"
FL,7,0,1978,"333,306"
FL,7,0,1979,"357,014"
FL,7,0,1980,"329,568"
FL,7,0,1981,"357,473"
FL,7,0,1982,"339,099"
FL,7,0,1983,"321,010"
FL,7,0,1984,"318,172"
FL,7,0,1985,"305,060"
FL,7,0,1986,"298,928"
FL,7,0,1987,"313,553"
FL,7,0,1988,"305,758"
FL,7,0,1989,"337,182"
FL,7,0,1990,"341,993"
FL,7,0,1991,"360,992"
FL,7,0,1992,"371,137"
FL,7,0,1993,"368,011"
FL,7,0,1994,"417,702"
FL,7,0,1995,"579,310"
FL,7,0,1996,"561,145"
FL,7,0,1997,"547,201"
FL,7,0,1998,"529,565"
FL,7,0,1999,"583,448"
FL,7,0,2000,"574,460"
FL,7,0,2001,"569,757"
FL,7,0,2002,"708,638"
FL,7,0,2003,"714,826"
FL,7,0,2004,"757,672"
FL,7,0,2005,"805,446"
FL,7,0,2006,"917,468"
FL,7,0,2007,"943,845"
FL,7,0,2008,"970,038"
FL,7,0,2009,"1,081,725"
FL,7,0,2010,"1,180,462"
FL,7,0,2011,"1,235,953"
FL,7,0,2012,"1,348,390"
FL,7,0,2013,"1,245,287"
FL,7,0,2014,"1,241,250"
FL,7,0,2015,"1,378,089"
FL,7,0,2016,"1,414,358"
FL,7,0,2017,"1,418,207"
GA,7,1,1960,"188,460"
GA,7,1,1961,"186,255"
GA,7,1,1962,"199,380"
GA,7,1,1963,"195,667"
GA,7,1,1964,"215,579"
GA,7,1,1965,"219,774"
GA,7,1,1966,"243,089"
GA,7,1,1967,"265,271"
GA,7,1,1968,"295,289"
GA,7,1,1969,"324,940"
GA,7,1,1970,"342,834"
GA,7,1,1971,"353,199"
GA,7,1,1972,"341,408"
GA,7,1,1973,"358,532"
GA,7,1,1974,"339,589"
GA,7,1,1975,"335,376"
GA,7,1,1976,"268,375"
GA,7,1,1977,"271,811"
GA,7,1,1978,"286,035"
GA,7,1,1979,"324,478"
GA,7,1,1980,"325,288"
GA,7,1,1981,"325,161"
GA,7,1,1982,"303,491"
GA,7,1,1983,"303,215"
GA,7,1,1984,"315,315"
GA,7,1,1985,"289,696"
GA,7,1,1986,"286,617"
GA,7,1,1987,"311,309"
GA,7,1,1988,"331,106"
GA,7,1,1989,"325,860"
GA,7,1,1990,"319,413"
GA,7,1,1991,"331,788"
GA,7,1,1992,"351,539"
GA,7,1,1993,"360,194"
GA,7,1,1994,"352,024"
GA,7,1,1995,"383,519"
GA,7,1,1996,"393,513"
GA,7,1,1997,"381,726"
GA,7,1,1998,"378,565"
GA,7,1,1999,"347,120"
GA,7,1,2000,"421,337"
GA,7,1,2001,"362,695"
GA,7,1,2002,"393,134"
GA,7,1,2003,"390,774"
GA,7,1,2004,"406,441"
GA,7,1,2005,"427,825"
GA,7,1,2006,"433,924"
GA,7,1,2007,"455,223"
GA,7,1,2008,"436,093"
GA,7,1,2009,"475,294"
GA,7,1,2010,"541,691"
GA,7,1,2011,"532,310"
GA,7,1,2012,"625,008"
GA,7,1,2013,"635,287"
GA,7,1,2014,"665,455"
GA,7,1,2015,"713,149"
GA,7,1,2016,"727,888"
GA,7,1,2017,"709,218"
IA,4,4,1960,"193,688"
IA,4,4,1961,"211,826"
IA,4,4,1962,"221,026"
IA,4,4,1963,"220,538"
IA,4,4,1964,"244,609"
IA,4,4,1965,"249,988"
IA,4,4,1966,"244,028"
IA,4,4,1967,"278,580"
IA,4,4,1968,"303,746"
IA,4,4,1969,"325,026"
IA,4,4,1970,"351,800"
IA,4,4,1971,"347,740"
IA,4,4,1972,"347,617"
IA,4,4,1973,"369,016"
IA,4,4,1974,"371,639"
IA,4,4,1975,"348,564"
IA,4,4,1976,"313,917"
IA,4,4,1977,"281,367"
IA,4,4,1978,"238,754"
IA,4,4,1979,"292,191"
IA,4,4,1980,"270,390"
IA,4,4,1981,"253,991"
IA,4,4,1982,"238,986"
IA,4,4,1983,"223,605"
IA,4,4,1984,"238,368"
IA,4,4,1985,"228,388"
IA,4,4,1986,"208,971"
IA,4,4,1987,"204,688"
IA,4,4,1988,"240,801"
IA,4,4,1989,"228,223"
IA,4,4,1990,"220,396"
IA,4,4,1991,"235,810"
IA,4,4,1992,"232,529"
IA,4,4,1993,"248,804"
IA,4,4,1994,"250,453"
IA,4,4,1995,"262,504"
IA,4,4,1996,"274,011"
IA,4,4,1997,"256,790"
IA,4,4,1998,"234,619"
IA,4,4,1999,"235,085"
IA,4,4,2000,"233,736"
IA,4,4,2001,"225,233"
IA,4,4,2002,"227,137"
IA,4,4,2003,"230,851"
IA,4,4,2004,"227,500"
IA,4,4,2005,"242,788"
IA,4,4,2006,"241,316"
IA,4,4,2007,"296,207"
IA,4,4,2008,"329,030"
IA,4,4,2009,"317,392"
IA,4,4,2010,"312,941"
IA,4,4,2011,"309,672"
IA,4,4,2012,"299,315"
IA,4,4,2013,"335,598"
IA,4,4,2014,"342,558"
IA,4,4,2015,"334,666"
IA,4,4,2016,"348,578"
IA,4,4,2017,"413,028"
ID,1,5,1960,"22,776"
ID,1,5,1961,"24,808"
ID,1,5,1962,"26,709"
ID,1,5,1963,"28,366"
ID,1,5,1964,"33,014"
ID,1,5,1965,"36,092"
ID,1,5,1966,"38,992"
ID,1,5,1967,"35,929"
ID,1,5,1968,"40,387"
ID,1,5,1969,"42,389"
ID,1,5,1970,"49,411"
ID,1,5,1971,"53,152"
ID,1,5,1972,"60,084"
ID,1,5,1973,"59,296"
ID,1,5,1974,"55,285"
ID,1,5,1975,"63,776"
ID,1,5,1976,"49,843"
ID,1,5,1977,"48,269"
ID,1,5,1978,"46,570"
ID,1,5,1979,"56,792"
ID,1,5,1980,"51,646"
ID,1,5,1981,"48,107"
ID,1,5,1982,"42,849"
ID,1,5,1983,"36,833"
ID,1,5,1984,"40,341"
ID,1,5,1985,"41,115"
ID,1,5,1986,"35,450"
ID,1,5,1987,"37,780"
ID,1,5,1988,"41,551"
ID,1,5,1989,"46,904"
ID,1,5,1990,"46,786"
ID,1,5,1991,"52,741"
ID,1,5,1992,"50,382"
ID,1,5,1993,"58,294"
ID,1,5,1994,"59,069"
ID,1,5,1995,"65,687"
ID,1,5,1996,"69,191"
ID,1,5,1997,"70,801"
ID,1,5,1998,"71,912"
ID,1,5,1999,"73,361"
ID,1,5,2000,"74,518"
ID,1,5,2001,"81,804"
ID,1,5,2002,"73,482"
ID,1,5,2003,"71,754"
ID,1,5,2004,"78,273"
ID,1,5,2005,"78,118"
ID,1,5,2006,"79,041"
ID,1,5,2007,"83,904"
ID,1,5,2008,"90,550"
ID,1,5,2009,"87,072"
ID,1,5,2010,"85,075"
ID,1,5,2011,"83,947"
ID,1,5,2012,"90,339"
ID,1,5,2013,"107,089"
ID,1,5,2014,"93,610"
ID,1,5,2015,"107,871"
ID,1,5,2016,"110,344"
ID,1,5,2017,"116,017"
IL,5,4,1960,"536,127"
IL,5,4,1961,"576,551"
IL,5,4,1962,"624,035"
IL,5,4,1963,"655,743"
IL,5,4,1964,"737,326"
IL,5,4,1965,"778,662"
IL,5,4,1966,"868,621"
IL,5,4,1967,"979,649"
IL,5,4,1968,"1,027,219"
IL,5,4,1969,"1,121,210"
IL,5,4,1970,"1,203,225"
IL,5,4,1971,"1,260,009"
IL,5,4,1972,"1,237,471"
IL,5,4,1973,"1,176,722"
IL,5,4,1974,"1,175,830"
IL,5,4,1975,"1,123,588"
IL,5,4,1976,"1,204,616"
IL,5,4,1977,"1,199,778"
IL,5,4,1978,"1,196,435"
IL,5,4,1979,"1,170,615"
IL,5,4,1980,"1,113,694"
IL,5,4,1981,"1,083,196"
IL,5,4,1982,"1,016,051"
IL,5,4,1983,"976,812"
IL,5,4,1984,"1,074,089"
IL,5,4,1985,"1,000,521"
IL,5,4,1986,"943,690"
IL,5,4,1987,"886,538"
IL,5,4,1988,"982,765"
IL,5,4,1989,"1,017,433"
IL,5,4,1990,"960,188"
IL,5,4,1991,"1,006,478"
IL,5,4,1992,"1,011,482"
IL,5,4,1993,"1,053,089"
IL,5,4,1994,"1,046,644"
IL,5,4,1995,"1,099,670"
IL,5,4,1996,"1,140,520"
IL,5,4,1997,"1,099,809"
IL,5,4,1998,"978,337"
IL,5,4,1999,"1,026,415"
IL,5,4,2000,"1,053,319"
IL,5,4,2001,"970,648"
IL,5,4,2002,"1,063,528"
IL,5,4,2003,"1,013,464"
IL,5,4,2004,"966,552"
IL,5,4,2005,"984,187"
IL,5,4,2006,"908,302"
IL,5,4,2007,"980,075"
IL,5,4,2008,"1,014,508"
IL,5,4,2009,"968,495"
IL,5,4,2010,"974,412"
IL,5,4,2011,"997,722"
IL,5,4,2012,"950,711"
IL,5,4,2013,"1,073,734"
IL,5,4,2014,"1,119,089"
IL,5,4,2015,"1,022,360"
IL,5,4,2016,"1,055,935"
IL,5,4,2017,"1,047,654"
IN,6,4,1960,"219,758"
IN,6,4,1961,"248,273"
IN,6,4,1962,"281,781"
IN,6,4,1963,"297,815"
IN,6,4,1964,"333,685"
IN,6,4,1965,"357,502"
IN,6,4,1966,"399,896"
IN,6,4,1967,"434,632"
IN,6,4,1968,"454,467"
IN,6,4,1969,"531,512"
IN,6,4,1970,"548,640"
IN,6,4,1971,"570,398"
IN,6,4,1972,"580,410"
IN,6,4,1973,"541,215"
IN,6,4,1974,"530,276"
IN,6,4,1975,"472,567"
IN,6,4,1976,"420,969"
IN,6,4,1977,"394,286"
IN,6,4,1978,"436,149"
IN,6,4,1979,"499,345"
IN,6,4,1980,"483,872"
IN,6,4,1981,"492,875"
IN,6,4,1982,"475,328"
IN,6,4,1983,"429,331"
IN,6,4,1984,"455,450"
IN,6,4,1985,"436,421"
IN,6,4,1986,"398,738"
IN,6,4,1987,"416,302"
IN,6,4,1988,"463,665"
IN,6,4,1989,"469,446"
IN,6,4,1990,"459,072"
IN,6,4,1991,"463,713"
IN,6,4,1992,"488,813"
IN,6,4,1993,"524,508"
IN,6,4,1994,"526,011"
IN,6,4,1995,"541,633"
IN,6,4,1996,"579,513"
IN,6,4,1997,"562,765"
IN,6,4,1998,"530,637"
IN,6,4,1999,"566,981"
IN,6,4,2000,"584,850"
IN,6,4,2001,"513,752"
IN,6,4,2002,"543,346"
IN,6,4,2003,"572,890"
IN,6,4,2004,"531,441"
IN,6,4,2005,"540,671"
IN,6,4,2006,"504,740"
IN,6,4,2007,"547,583"
IN,6,4,2008,"558,591"
IN,6,4,2009,"514,548"
IN,6,4,2010,"580,752"
IN,6,4,2011,"638,237"
IN,6,4,2012,"657,719"
IN,6,4,2013,"682,842"
IN,6,4,2014,"726,972"
IN,6,4,2015,"738,130"
IN,6,4,2016,"782,939"
IN,6,4,2017,"751,481"
KS,3,3,1960,"373,664"
KS,3,3,1961,"364,020"
KS,3,3,1962,"373,666"
KS,3,3,1963,"367,759"
KS,3,3,1964,"391,306"
KS,3,3,1965,"440,802"
KS,3,3,1966,"481,093"
KS,3,3,1967,"446,454"
KS,3,3,1968,"490,591"
KS,3,3,1969,"540,660"
KS,3,3,1970,"574,542"
KS,3,3,1971,"605,775"
KS,3,3,1972,"626,853"
KS,3,3,1973,"597,207"
KS,3,3,1974,"578,795"
KS,3,3,1975,"490,748"
KS,3,3,1976,"505,408"
KS,3,3,1977,"497,279"
KS,3,3,1978,"507,973"
KS,3,3,1979,"571,266"
KS,3,3,1980,"481,990"
KS,3,3,1981,"422,564"
KS,3,3,1982,"400,519"
KS,3,3,1983,"345,858"
KS,3,3,1984,"360,762"
KS,3,3,1985,"354,756"
KS,3,3,1986,"307,990"
KS,3,3,1987,"343,155"
KS,3,3,1988,"347,982"
KS,3,3,1989,"338,559"
KS,3,3,1990,"352,645"
KS,3,3,1991,"373,151"
KS,3,3,1992,"338,755"
KS,3,3,1993,"386,513"
KS,3,3,1994,"415,552"
KS,3,3,1995,"367,750"
KS,3,3,1996,"360,921"
KS,3,3,1997,"338,569"
KS,3,3,1998,"325,041"
KS,3,3,1999,"302,023"
KS,3,3,2000,"314,868"
KS,3,3,2001,"273,862"
KS,3,3,2002,"307,432"
KS,3,3,2003,"284,722"
KS,3,3,2004,"260,117"
KS,3,3,2005,"258,695"
KS,3,3,2006,"269,274"
KS,3,3,2007,"291,695"
KS,3,3,2008,"292,523"
KS,3,3,2009,"292,425"
KS,3,3,2010,"280,413"
KS,3,3,2011,"285,318"
KS,3,3,2012,"268,086"
KS,3,3,2013,"288,274"
KS,3,3,2014,"291,483"
KS,3,3,2015,"280,421"
KS,3,3,2016,"276,404"
KS,3,3,2017,"278,639"
KY,6.5,3,1960,"153,807"
KY,6.5,3,1961,"156,328"
KY,6.5,3,1962,"163,826"
KY,6.5,3,1963,"173,508"
KY,6.5,3,1964,"179,666"
KY,6.5,3,1965,"176,734"
KY,6.5,3,1966,"152,219"
KY,6.5,3,1967,"197,083"
KY,6.5,3,1968,"201,137"
KY,6.5,3,1969,"240,050"
KY,6.5,3,1970,"252,265"
KY,6.5,3,1971,"248,514"
KY,6.5,3,1972,"259,546"
KY,6.5,3,1973,"250,136"
KY,6.5,3,1974,"231,423"
KY,6.5,3,1975,"209,199"
KY,6.5,3,1976,"248,673"
KY,6.5,3,1977,"221,936"
KY,6.5,3,1978,"215,021"
KY,6.5,3,1979,"220,854"
KY,6.5,3,1980,"204,104"
KY,6.5,3,1981,"202,237"
KY,6.5,3,1982,"191,175"
KY,6.5,3,1983,"177,792"
KY,6.5,3,1984,"193,419"
KY,6.5,3,1985,"177,685"
KY,6.5,3,1986,"173,525"
KY,6.5,3,1987,"178,271"
KY,6.5,3,1988,"190,890"
KY,6.5,3,1989,"195,872"
KY,6.5,3,1990,"191,707"
KY,6.5,3,1991,"196,253"
KY,6.5,3,1992,"200,904"
KY,6.5,3,1993,"213,069"
KY,6.5,3,1994,"221,322"
KY,6.5,3,1995,"245,578"
KY,6.5,3,1996,"248,057"
KY,6.5,3,1997,"239,332"
KY,6.5,3,1998,"212,108"
KY,6.5,3,1999,"225,393"
KY,6.5,3,2000,"234,181"
KY,6.5,3,2001,"216,707"
KY,6.5,3,2002,"236,125"
KY,6.5,3,2003,"231,486"
KY,6.5,3,2004,"233,361"
KY,6.5,3,2005,"240,869"
KY,6.5,3,2006,"217,169"
KY,6.5,3,2007,"236,003"
KY,6.5,3,2008,"233,180"
KY,6.5,3,2009,"214,279"
KY,6.5,3,2010,"239,062"
KY,6.5,3,2011,"229,056"
KY,6.5,3,2012,"232,702"
KY,6.5,3,2013,"235,733"
KY,6.5,3,2014,"262,332"
KY,6.5,3,2015,"276,919"
KY,6.5,3,2016,"280,002"
KY,6.5,3,2017,"296,965"
LA,4,1,1960,"1,003,771"
LA,4,1,1961,"1,064,610"
LA,4,1,1962,"1,050,301"
LA,4,1,1963,"1,128,773"
LA,4,1,1964,"1,201,445"
LA,4,1,1965,"1,156,449"
LA,4,1,1966,"1,245,597"
LA,4,1,1967,"1,440,390"
LA,4,1,1968,"1,539,750"
LA,4,1,1969,"1,784,110"
LA,4,1,1970,"1,894,224"
LA,4,1,1971,"1,938,558"
LA,4,1,1972,"1,996,015"
LA,4,1,1973,"2,072,164"
LA,4,1,1974,"2,068,614"
LA,4,1,1975,"1,854,766"
LA,4,1,1976,"2,121,366"
LA,4,1,1977,"2,274,100"
LA,4,1,1978,"2,349,710"
LA,4,1,1979,"2,051,384"
LA,4,1,1980,"1,862,179"
LA,4,1,1981,"1,847,639"
LA,4,1,1982,"1,629,186"
LA,4,1,1983,"1,472,328"
LA,4,1,1984,"1,661,309"
LA,4,1,1985,"1,441,820"
LA,4,1,1986,"1,496,106"
LA,4,1,1987,"1,560,707"
LA,4,1,1988,"1,506,424"
LA,4,1,1989,"1,622,888"
LA,4,1,1990,"1,654,692"
LA,4,1,1991,"1,596,766"
LA,4,1,1992,"1,619,499"
LA,4,1,1993,"1,637,028"
LA,4,1,1994,"1,649,015"
LA,4,1,1995,"1,737,257"
LA,4,1,1996,"1,687,569"
LA,4,1,1997,"1,857,072"
LA,4,1,1998,"1,679,040"
LA,4,1,1999,"1,558,295"
LA,4,1,2000,"1,625,863"
LA,4,1,2001,"1,347,228"
LA,4,1,2002,"1,475,464"
LA,4,1,2003,"1,353,179"
LA,4,1,2004,"1,393,140"
LA,4,1,2005,"1,367,497"
LA,4,1,2006,"1,346,690"
LA,4,1,2007,"1,430,621"
LA,4,1,2008,"1,369,823"
LA,4,1,2009,"1,315,265"
LA,4,1,2010,"1,483,203"
LA,4,1,2011,"1,536,148"
LA,4,1,2012,"1,586,437"
LA,4,1,2013,"1,505,539"
LA,4,1,2014,"1,547,706"
LA,4,1,2015,"1,594,694"
LA,4,1,2016,"1,718,755"
LA,4,1,2017,"1,717,520"
MA,10,5,1960,"80,612"
MA,10,5,1961,"84,630"
MA,10,5,1962,"92,131"
MA,10,5,1963,"99,924"
MA,10,5,1964,"108,193"
MA,10,5,1965,"115,712"
MA,10,5,1966,"117,709"
MA,10,5,1967,"129,884"
MA,10,5,1968,"133,913"
MA,10,5,1969,"138,632"
MA,10,5,1970,"149,074"
MA,10,5,1971,"158,329"
MA,10,5,1972,"162,204"
MA,10,5,1973,"157,258"
MA,10,5,1974,"156,666"
MA,10,5,1975,"154,583"
MA,10,5,1976,"157,185"
MA,10,5,1977,"161,465"
MA,10,5,1978,"161,964"
MA,10,5,1979,"157,883"
MA,10,5,1980,"185,508"
MA,10,5,1981,"187,528"
MA,10,5,1982,"199,790"
MA,10,5,1983,"196,611"
MA,10,5,1984,"215,021"
MA,10,5,1985,"224,794"
MA,10,5,1986,"191,195"
MA,10,5,1987,"233,398"
MA,10,5,1988,"217,305"
MA,10,5,1989,"260,989"
MA,10,5,1990,"273,910"
MA,10,5,1991,"283,833"
MA,10,5,1992,"344,458"
MA,10,5,1993,"350,626"
MA,10,5,1994,"381,289"
MA,10,5,1995,"391,646"
MA,10,5,1996,"387,390"
MA,10,5,1997,"411,555"
MA,10,5,1998,"367,109"
MA,10,5,1999,"361,351"
MA,10,5,2000,"357,743"
MA,10,5,2001,"364,114"
MA,10,5,2002,"404,597"
MA,10,5,2003,"415,303"
MA,10,5,2004,"383,708"
MA,10,5,2005,"386,385"
MA,10,5,2006,"378,078"
MA,10,5,2007,"418,922"
MA,10,5,2008,"415,260"
MA,10,5,2009,"408,519"
MA,10,5,2010,"447,429"
MA,10,5,2011,"464,018"
MA,10,5,2012,"430,921"
MA,10,5,2013,"435,314"
MA,10,5,2014,"432,634"
MA,10,5,2015,"457,217"
MA,10,5,2016,"440,784"
MA,10,5,2017,"462,781"
MD,8,4,1960,"73,315"
MD,8,4,1961,"76,520"
MD,8,4,1962,"84,796"
MD,8,4,1963,"89,004"
MD,8,4,1964,"94,255"
MD,8,4,1965,"100,979"
MD,8,4,1966,"102,826"
MD,8,4,1967,"121,287"
MD,8,4,1968,"129,702"
MD,8,4,1969,"147,720"
MD,8,4,1970,"159,584"
MD,8,4,1971,"164,689"
MD,8,4,1972,"180,283"
MD,8,4,1973,"177,629"
MD,8,4,1974,"175,541"
MD,8,4,1975,"141,854"
MD,8,4,1976,"149,642"
MD,8,4,1977,"135,168"
MD,8,4,1978,"139,642"
MD,8,4,1979,"179,631"
MD,8,4,1980,"163,449"
MD,8,4,1981,"177,743"
MD,8,4,1982,"160,833"
MD,8,4,1983,"148,687"
MD,8,4,1984,"163,124"
MD,8,4,1985,"155,966"
MD,8,4,1986,"158,032"
MD,8,4,1987,"174,283"
MD,8,4,1988,"178,433"
MD,8,4,1989,"199,615"
MD,8,4,1990,"180,591"
MD,8,4,1991,"183,035"
MD,8,4,1992,"190,092"
MD,8,4,1993,"186,992"
MD,8,4,1994,"192,016"
MD,8,4,1995,"199,202"
MD,8,4,1996,"201,735"
MD,8,4,1997,"219,192"
MD,8,4,1998,"195,540"
MD,8,4,1999,"203,040"
MD,8,4,2000,"219,360"
MD,8,4,2001,"184,976"
MD,8,4,2002,"203,538"
MD,8,4,2003,"204,511"
MD,8,4,2004,"201,929"
MD,8,4,2005,"212,230"
MD,8,4,2006,"189,221"
MD,8,4,2007,"208,693"
MD,8,4,2008,"202,931"
MD,8,4,2009,"203,780"
MD,8,4,2010,"217,744"
MD,8,4,2011,"199,223"
MD,8,4,2012,"216,678"
MD,8,4,2013,"206,238"
MD,8,4,2014,"218,079"
MD,8,4,2015,"226,832"
MD,8,4,2016,"230,194"
MD,8,4,2017,"233,138"
ME,11,6,1960,0
ME,11,6,1961,0
ME,11,6,1962,0
ME,11,6,1963,0
ME,11,6,1964,0
ME,11,6,1965,0
ME,11,6,1966,522
ME,11,6,1967,775
ME,11,6,1968,819
ME,11,6,1969,"1,139"
ME,11,6,1970,"1,315"
ME,11,6,1971,"1,475"
ME,11,6,1972,"1,554"
ME,11,6,1973,"1,657"
ME,11,6,1974,"1,635"
ME,11,6,1975,"1,976"
ME,11,6,1976,"2,083"
ME,11,6,1977,"2,047"
ME,11,6,1978,"2,166"
ME,11,6,1979,"2,162"
ME,11,6,1980,"2,322"
ME,11,6,1981,"2,384"
ME,11,6,1982,"2,758"
ME,11,6,1983,"2,487"
ME,11,6,1984,"2,528"
ME,11,6,1985,"2,620"
ME,11,6,1986,"2,549"
ME,11,6,1987,"2,747"
ME,11,6,1988,"3,283"
ME,11,6,1989,"3,930"
ME,11,6,1990,"4,572"
ME,11,6,1991,"5,001"
ME,11,6,1992,"5,333"
ME,11,6,1993,"5,191"
ME,11,6,1994,"5,268"
ME,11,6,1995,"5,635"
ME,11,6,1996,"5,883"
ME,11,6,1997,"6,501"
ME,11,6,1998,"5,813"
ME,11,6,1999,"6,690"
ME,11,6,2000,"48,047"
ME,11,6,2001,"101,190"
ME,11,6,2002,"126,280"
ME,11,6,2003,"73,523"
ME,11,6,2004,"89,581"
ME,11,6,2005,"64,818"
ME,11,6,2006,"67,557"
ME,11,6,2007,"67,227"
ME,11,6,2008,"74,494"
ME,11,6,2009,"73,569"
ME,11,6,2010,"80,988"
ME,11,6,2011,"75,061"
ME,11,6,2012,"70,451"
ME,11,6,2013,"65,886"
ME,11,6,2014,"62,423"
ME,11,6,2015,"54,203"
ME,11,6,2016,"54,509"
ME,11,6,2017,"45,127"
MI,6.5,5,1960,"382,980"
MI,6.5,5,1961,"422,582"
MI,6.5,5,1962,"459,179"
MI,6.5,5,1963,"470,503"
MI,6.5,5,1964,"505,780"
MI,6.5,5,1965,"563,563"
MI,6.5,5,1966,"626,782"
MI,6.5,5,1967,"699,131"
MI,6.5,5,1968,"711,046"
MI,6.5,5,1969,"788,222"
MI,6.5,5,1970,"821,261"
MI,6.5,5,1971,"863,320"
MI,6.5,5,1972,"877,742"
MI,6.5,5,1973,"929,555"
MI,6.5,5,1974,"942,595"
MI,6.5,5,1975,"894,795"
MI,6.5,5,1976,"895,140"
MI,6.5,5,1977,"745,743"
MI,6.5,5,1978,"793,936"
MI,6.5,5,1979,"880,367"
MI,6.5,5,1980,"874,654"
MI,6.5,5,1981,"814,488"
MI,6.5,5,1982,"764,600"
MI,6.5,5,1983,"713,170"
MI,6.5,5,1984,"730,312"
MI,6.5,5,1985,"719,871"
MI,6.5,5,1986,"689,448"
MI,6.5,5,1987,"671,201"
MI,6.5,5,1988,"765,708"
MI,6.5,5,1989,"799,774"
MI,6.5,5,1990,"898,848"
MI,6.5,5,1991,"905,265"
MI,6.5,5,1992,"979,182"
MI,6.5,5,1993,"937,967"
MI,6.5,5,1994,"930,970"
MI,6.5,5,1995,"992,718"
MI,6.5,5,1996,"1,039,190"
MI,6.5,5,1997,"1,010,167"
MI,6.5,5,1998,"893,988"
MI,6.5,5,1999,"968,282"
MI,6.5,5,2000,"984,345"
MI,6.5,5,2001,"928,651"
MI,6.5,5,2002,"984,715"
MI,6.5,5,2003,"950,714"
MI,6.5,5,2004,"938,628"
MI,6.5,5,2005,"927,535"
MI,6.5,5,2006,"816,993"
MI,6.5,5,2007,"814,887"
MI,6.5,5,2008,"797,534"
MI,6.5,5,2009,"750,783"
MI,6.5,5,2010,"758,696"
MI,6.5,5,2011,"787,337"
MI,6.5,5,2012,"804,084"
MI,6.5,5,2013,"831,741"
MI,6.5,5,2014,"878,128"
MI,6.5,5,2015,"871,834"
MI,6.5,5,2016,"926,828"
MI,6.5,5,2017,"908,813"
MN,4,6,1960,"186,121"
MN,4,6,1961,"199,324"
MN,4,6,1962,"221,625"
MN,4,6,1963,"218,609"
MN,4,6,1964,"236,502"
MN,4,6,1965,"248,244"
MN,4,6,1966,"265,810"
MN,4,6,1967,"285,350"
MN,4,6,1968,"315,017"
MN,4,6,1969,"328,944"
MN,4,6,1970,"343,007"
MN,4,6,1971,"352,144"
MN,4,6,1972,"352,111"
MN,4,6,1973,"360,450"
MN,4,6,1974,"351,995"
MN,4,6,1975,"331,518"
MN,4,6,1976,"319,516"
MN,4,6,1977,"292,501"
MN,4,6,1978,"312,196"
MN,4,6,1979,"332,631"
MN,4,6,1980,"284,988"
MN,4,6,1981,"264,951"
MN,4,6,1982,"263,349"
MN,4,6,1983,"246,315"
MN,4,6,1984,"256,405"
MN,4,6,1985,"258,510"
MN,4,6,1986,"244,528"
MN,4,6,1987,"239,751"
MN,4,6,1988,"285,827"
MN,4,6,1989,"301,686"
MN,4,6,1990,"291,828"
MN,4,6,1991,"318,250"
MN,4,6,1992,"312,218"
MN,4,6,1993,"331,590"
MN,4,6,1994,"327,384"
MN,4,6,1995,"357,690"
MN,4,6,1996,"375,019"
MN,4,6,1997,"360,439"
MN,4,6,1998,"337,128"
MN,4,6,1999,"351,143"
MN,4,6,2000,"367,461"
MN,4,6,2001,"345,002"
MN,4,6,2002,"374,184"
MN,4,6,2003,"374,231"
MN,4,6,2004,"362,418"
MN,4,6,2005,"372,239"
MN,4,6,2006,"358,211"
MN,4,6,2007,"395,714"
MN,4,6,2008,"435,134"
MN,4,6,2009,"405,564"
MN,4,6,2010,"427,198"
MN,4,6,2011,"424,978"
MN,4,6,2012,"430,286"
MN,4,6,2013,"478,634"
MN,4,6,2014,"490,179"
MN,4,6,2015,"448,567"
MN,4,6,2016,"466,425"
MN,4,6,2017,"466,602"
MO,4,3,1960,"270,074"
MO,4,3,1961,"284,094"
MO,4,3,1962,"299,614"
MO,4,3,1963,"309,136"
MO,4,3,1964,"332,023"
MO,4,3,1965,"347,967"
MO,4,3,1966,"357,396"
MO,4,3,1967,"367,195"
MO,4,3,1968,"372,856"
MO,4,3,1969,"406,671"
MO,4,3,1970,"432,532"
MO,4,3,1971,"432,108"
MO,4,3,1972,"428,192"
MO,4,3,1973,"424,673"
MO,4,3,1974,"411,933"
MO,4,3,1975,"371,837"
MO,4,3,1976,"381,399"
MO,4,3,1977,"367,704"
MO,4,3,1978,"360,269"
MO,4,3,1979,"340,138"
MO,4,3,1980,"322,908"
MO,4,3,1981,"287,767"
MO,4,3,1982,"284,479"
MO,4,3,1983,"265,541"
MO,4,3,1984,"269,458"
MO,4,3,1985,"264,318"
MO,4,3,1986,"244,318"
MO,4,3,1987,"234,493"
MO,4,3,1988,"254,440"
MO,4,3,1989,"254,547"
MO,4,3,1990,"241,335"
MO,4,3,1991,"258,636"
MO,4,3,1992,"241,227"
MO,4,3,1993,"280,680"
MO,4,3,1994,"268,135"
MO,4,3,1995,"281,059"
MO,4,3,1996,"297,208"
MO,4,3,1997,"286,117"
MO,4,3,1998,"261,504"
MO,4,3,1999,"269,262"
MO,4,3,2000,"289,044"
MO,4,3,2001,"288,617"
MO,4,3,2002,"278,936"
MO,4,3,2003,"266,204"
MO,4,3,2004,"269,224"
MO,4,3,2005,"273,401"
MO,4,3,2006,"258,004"
MO,4,3,2007,"277,987"
MO,4,3,2008,"298,427"
MO,4,3,2009,"266,721"
MO,4,3,2010,"282,141"
MO,4,3,2011,"275,308"
MO,4,3,2012,"258,945"
MO,4,3,2013,"281,399"
MO,4,3,2014,"301,543"
MO,4,3,2015,"270,885"
MO,4,3,2016,"273,583"
MO,4,3,2017,"264,753"
MS,5,1,1960,"187,874"
MS,5,1,1961,"190,591"
MS,5,1,1962,"199,391"
MS,5,1,1963,"222,937"
MS,5,1,1964,"250,528"
MS,5,1,1965,"250,626"
MS,5,1,1966,"284,500"
MS,5,1,1967,"288,650"
MS,5,1,1968,"319,377"
MS,5,1,1969,"333,993"
MS,5,1,1970,"369,391"
MS,5,1,1971,"387,779"
MS,5,1,1972,"387,436"
MS,5,1,1973,"321,528"
MS,5,1,1974,"283,104"
MS,5,1,1975,"235,345"
MS,5,1,1976,"203,702"
MS,5,1,1977,"202,631"
MS,5,1,1978,"208,038"
MS,5,1,1979,"260,547"
MS,5,1,1980,"270,909"
MS,5,1,1981,"249,062"
MS,5,1,1982,"276,666"
MS,5,1,1983,"244,281"
MS,5,1,1984,"276,617"
MS,5,1,1985,"233,010"
MS,5,1,1986,"220,195"
MS,5,1,1987,"212,336"
MS,5,1,1988,"216,397"
MS,5,1,1989,"232,394"
MS,5,1,1990,"261,921"
MS,5,1,1991,"257,004"
MS,5,1,1992,"250,696"
MS,5,1,1993,"235,310"
MS,5,1,1994,"266,219"
MS,5,1,1995,"295,377"
MS,5,1,1996,"277,468"
MS,5,1,1997,"264,210"
MS,5,1,1998,"252,445"
MS,5,1,1999,"317,777"
MS,5,1,2000,"312,078"
MS,5,1,2001,"340,904"
MS,5,1,2002,"354,550"
MS,5,1,2003,"275,147"
MS,5,1,2004,"290,512"
MS,5,1,2005,"310,713"
MS,5,1,2006,"315,909"
MS,5,1,2007,"374,990"
MS,5,1,2008,"364,237"
MS,5,1,2009,"371,245"
MS,5,1,2010,"444,875"
MS,5,1,2011,"437,873"
MS,5,1,2012,"499,946"
MS,5,1,2013,"426,902"
MS,5,1,2014,"439,557"
MS,5,1,2015,"536,996"
MS,5,1,2016,"561,342"
MS,5,1,2017,"543,743"
MT,1.5,6,1960,"57,638"
MT,1.5,6,1961,"61,314"
MT,1.5,6,1962,"65,680"
MT,1.5,6,1963,"66,566"
MT,1.5,6,1964,"69,486"
MT,1.5,6,1965,"70,795"
MT,1.5,6,1966,"72,116"
MT,1.5,6,1967,"64,908"
MT,1.5,6,1968,"62,835"
MT,1.5,6,1969,"78,205"
MT,1.5,6,1970,"90,601"
MT,1.5,6,1971,"91,096"
MT,1.5,6,1972,"87,020"
MT,1.5,6,1973,"93,117"
MT,1.5,6,1974,"81,667"
MT,1.5,6,1975,"81,190"
MT,1.5,6,1976,"75,412"
MT,1.5,6,1977,"71,595"
MT,1.5,6,1978,"72,686"
MT,1.5,6,1979,"69,114"
MT,1.5,6,1980,"61,453"
MT,1.5,6,1981,"53,029"
MT,1.5,6,1982,"52,782"
MT,1.5,6,1983,"46,619"
MT,1.5,6,1984,"47,098"
MT,1.5,6,1985,"47,312"
MT,1.5,6,1986,"41,148"
MT,1.5,6,1987,"39,561"
MT,1.5,6,1988,"42,872"
MT,1.5,6,1989,"46,671"
MT,1.5,6,1990,"44,378"
MT,1.5,6,1991,"46,719"
MT,1.5,6,1992,"46,615"
MT,1.5,6,1993,"54,265"
MT,1.5,6,1994,"53,315"
MT,1.5,6,1995,"59,571"
MT,1.5,6,1996,"63,251"
MT,1.5,6,1997,"61,699"
MT,1.5,6,1998,"61,398"
MT,1.5,6,1999,"63,624"
MT,1.5,6,2000,"69,590"
MT,1.5,6,2001,"66,483"
MT,1.5,6,2002,"70,992"
MT,1.5,6,2003,"70,048"
MT,1.5,6,2004,"68,567"
MT,1.5,6,2005,"71,089"
MT,1.5,6,2006,"75,135"
MT,1.5,6,2007,"75,077"
MT,1.5,6,2008,"77,645"
MT,1.5,6,2009,"76,635"
MT,1.5,6,2010,"72,888"
MT,1.5,6,2011,"79,470"
MT,1.5,6,2012,"75,234"
MT,1.5,6,2013,"82,298"
MT,1.5,6,2014,"80,063"
MT,1.5,6,2015,"77,443"
MT,1.5,6,2016,"77,589"
MT,1.5,6,2017,"83,253"
NC,8,2,1960,"47,032"
NC,8,2,1961,"52,291"
NC,8,2,1962,"58,346"
NC,8,2,1963,"64,539"
NC,8,2,1964,"70,932"
NC,8,2,1965,"78,245"
NC,8,2,1966,"89,442"
NC,8,2,1967,"100,822"
NC,8,2,1968,"117,794"
NC,8,2,1969,"140,204"
NC,8,2,1970,"154,856"
NC,8,2,1971,"164,420"
NC,8,2,1972,"167,831"
NC,8,2,1973,"165,215"
NC,8,2,1974,"143,722"
NC,8,2,1975,"116,889"
NC,8,2,1976,"102,996"
NC,8,2,1977,"73,905"
NC,8,2,1978,"83,695"
NC,8,2,1979,"133,751"
NC,8,2,1980,"155,156"
NC,8,2,1981,"154,326"
NC,8,2,1982,"146,819"
NC,8,2,1983,"141,086"
NC,8,2,1984,"148,744"
NC,8,2,1985,"138,375"
NC,8,2,1986,"140,301"
NC,8,2,1987,"153,261"
NC,8,2,1988,"156,550"
NC,8,2,1989,"166,835"
NC,8,2,1990,"166,744"
NC,8,2,1991,"172,818"
NC,8,2,1992,"186,905"
NC,8,2,1993,"192,530"
NC,8,2,1994,"195,307"
NC,8,2,1995,"212,010"
NC,8,2,1996,"222,106"
NC,8,2,1997,"223,419"
NC,8,2,1998,"222,659"
NC,8,2,1999,"224,763"
NC,8,2,2000,"240,729"
NC,8,2,2001,"215,600"
NC,8,2,2002,"243,144"
NC,8,2,2003,"227,387"
NC,8,2,2004,"232,214"
NC,8,2,2005,"237,525"
NC,8,2,2006,"230,169"
NC,8,2,2007,"244,475"
NC,8,2,2008,"249,654"
NC,8,2,2009,"252,729"
NC,8,2,2010,"308,710"
NC,8,2,2011,"311,189"
NC,8,2,2012,"367,948"
NC,8,2,2013,"445,018"
NC,8,2,2014,"462,289"
NC,8,2,2015,"516,026"
NC,8,2,2016,"540,271"
NC,8,2,2017,"519,903"
ND,3,6,1960,"27,356"
ND,3,6,1961,"29,310"
ND,3,6,1962,"32,045"
ND,3,6,1963,"32,283"
ND,3,6,1964,"33,390"
ND,3,6,1965,"32,437"
ND,3,6,1966,"31,864"
ND,3,6,1967,"32,049"
ND,3,6,1968,"33,317"
ND,3,6,1969,"32,944"
ND,3,6,1970,"33,731"
ND,3,6,1971,"34,618"
ND,3,6,1972,"37,604"
ND,3,6,1973,"33,206"
ND,3,6,1974,"35,530"
ND,3,6,1975,"36,862"
ND,3,6,1976,"41,177"
ND,3,6,1977,"37,650"
ND,3,6,1978,"39,067"
ND,3,6,1979,"29,236"
ND,3,6,1980,"24,037"
ND,3,6,1981,"35,891"
ND,3,6,1982,"29,108"
ND,3,6,1983,"27,302"
ND,3,6,1984,"31,631"
ND,3,6,1985,"29,838"
ND,3,6,1986,"26,567"
ND,3,6,1987,"26,018"
ND,3,6,1988,"30,189"
ND,3,6,1989,"31,630"
ND,3,6,1990,"33,529"
ND,3,6,1991,"41,619"
ND,3,6,1992,"38,260"
ND,3,6,1993,"42,388"
ND,3,6,1994,"45,369"
ND,3,6,1995,"47,689"
ND,3,6,1996,"51,588"
ND,3,6,1997,"59,283"
ND,3,6,1998,"51,428"
ND,3,6,1999,"58,962"
ND,3,6,2000,"58,512"
ND,3,6,2001,"62,583"
ND,3,6,2002,"66,927"
ND,3,6,2003,"61,455"
ND,3,6,2004,"61,245"
ND,3,6,2005,"54,960"
ND,3,6,2006,"55,683"
ND,3,6,2007,"62,188"
ND,3,6,2008,"65,746"
ND,3,6,2009,"57,565"
ND,3,6,2010,"70,046"
ND,3,6,2011,"77,752"
ND,3,6,2012,"77,469"
ND,3,6,2013,"87,224"
ND,3,6,2014,"94,352"
ND,3,6,2015,"106,128"
ND,3,6,2016,"110,816"
ND,3,6,2017,"118,101"
NE,3,4,1960,"140,430"
NE,3,4,1961,"144,566"
NE,3,4,1962,"149,324"
NE,3,4,1963,"145,771"
NE,3,4,1964,"160,545"
NE,3,4,1965,"164,719"
NE,3,4,1966,"195,864"
NE,3,4,1967,"187,907"
NE,3,4,1968,"202,938"
NE,3,4,1969,"209,613"
NE,3,4,1970,"224,114"
NE,3,4,1971,"225,463"
NE,3,4,1972,"226,358"
NE,3,4,1973,"230,780"
NE,3,4,1974,"223,253"
NE,3,4,1975,"217,521"
NE,3,4,1976,"197,442"
NE,3,4,1977,"188,426"
NE,3,4,1978,"162,693"
NE,3,4,1979,"168,959"
NE,3,4,1980,"159,491"
NE,3,4,1981,"135,279"
NE,3,4,1982,"135,612"
NE,3,4,1983,"126,963"
NE,3,4,1984,"131,911"
NE,3,4,1985,"123,864"
NE,3,4,1986,"103,999"
NE,3,4,1987,"107,737"
NE,3,4,1988,"119,906"
NE,3,4,1989,"118,673"
NE,3,4,1990,"109,175"
NE,3,4,1991,"113,955"
NE,3,4,1992,"104,626"
NE,3,4,1993,"122,981"
NE,3,4,1994,"124,857"
NE,3,4,1995,"133,690"
NE,3,4,1996,"133,842"
NE,3,4,1997,"132,141"
NE,3,4,1998,"131,125"
NE,3,4,1999,"121,368"
NE,3,4,2000,"127,600"
NE,3,4,2001,"124,057"
NE,3,4,2002,"121,175"
NE,3,4,2003,"119,754"
NE,3,4,2004,"116,045"
NE,3,4,2005,"120,141"
NE,3,4,2006,"131,443"
NE,3,4,2007,"153,523"
NE,3,4,2008,"172,886"
NE,3,4,2009,"165,436"
NE,3,4,2010,"169,620"
NE,3,4,2011,"173,666"
NE,3,4,2012,"161,774"
NE,3,4,2013,"179,619"
NE,3,4,2014,"180,097"
NE,3,4,2015,"170,377"
NE,3,4,2016,"173,001"
NE,3,4,2017,"176,385"
NH,10,5,1960,"2,952"
NH,10,5,1961,"3,124"
NH,10,5,1962,"3,431"
NH,10,5,1963,"3,607"
NH,10,5,1964,"3,817"
NH,10,5,1965,"4,133"
NH,10,5,1966,"4,197"
NH,10,5,1967,"4,522"
NH,10,5,1968,"4,208"
NH,10,5,1969,"5,826"
NH,10,5,1970,"6,796"
NH,10,5,1971,"7,658"
NH,10,5,1972,"8,015"
NH,10,5,1973,"8,120"
NH,10,5,1974,"8,391"
NH,10,5,1975,"7,707"
NH,10,5,1976,"7,919"
NH,10,5,1977,"7,617"
NH,10,5,1978,"8,204"
NH,10,5,1979,"8,699"
NH,10,5,1980,"9,663"
NH,10,5,1981,"10,445"
NH,10,5,1982,"10,280"
NH,10,5,1983,"9,857"
NH,10,5,1984,"10,815"
NH,10,5,1985,"10,916"
NH,10,5,1986,"10,569"
NH,10,5,1987,"12,317"
NH,10,5,1988,"13,334"
NH,10,5,1989,"14,209"
NH,10,5,1990,"14,474"
NH,10,5,1991,"14,226"
NH,10,5,1992,"17,004"
NH,10,5,1993,"17,087"
NH,10,5,1994,"19,976"
NH,10,5,1995,"20,137"
NH,10,5,1996,"19,445"
NH,10,5,1997,"21,249"
NH,10,5,1998,"19,338"
NH,10,5,1999,"20,496"
NH,10,5,2000,"26,397"
NH,10,5,2001,"24,848"
NH,10,5,2002,"26,146"
NH,10,5,2003,"56,475"
NH,10,5,2004,"63,924"
NH,10,5,2005,"73,022"
NH,10,5,2006,"64,738"
NH,10,5,2007,"64,866"
NH,10,5,2008,"74,025"
NH,10,5,2009,"62,049"
NH,10,5,2010,"62,612"
NH,10,5,2011,"72,778"
NH,10,5,2012,"74,336"
NH,10,5,2013,"55,649"
NH,10,5,2014,"58,785"
NH,10,5,2015,"70,742"
NH,10,5,2016,"59,638"
NH,10,5,2017,"53,748"
NJ,9,4,1960,"144,132"
NJ,9,4,1961,"159,189"
NJ,9,4,1962,"180,307"
NJ,9,4,1963,"197,097"
NJ,9,4,1964,"209,714"
NJ,9,4,1965,"219,196"
NJ,9,4,1966,"236,816"
NJ,9,4,1967,"261,542"
NJ,9,4,1968,"278,430"
NJ,9,4,1969,"316,113"
NJ,9,4,1970,"331,247"
NJ,9,4,1971,"335,264"
NJ,9,4,1972,"329,642"
NJ,9,4,1973,"309,709"
NJ,9,4,1974,"282,201"
NJ,9,4,1975,"251,669"
NJ,9,4,1976,"332,467"
NJ,9,4,1977,"255,522"
NJ,9,4,1978,"236,852"
NJ,9,4,1979,"269,934"
NJ,9,4,1980,"351,039"
NJ,9,4,1981,"403,386"
NJ,9,4,1982,"387,306"
NJ,9,4,1983,"417,954"
NJ,9,4,1984,"428,258"
NJ,9,4,1985,"389,090"
NJ,9,4,1986,"363,009"
NJ,9,4,1987,"432,356"
NJ,9,4,1988,"425,050"
NJ,9,4,1989,"483,170"
NJ,9,4,1990,"458,050"
NJ,9,4,1991,"510,226"
NJ,9,4,1992,"640,629"
NJ,9,4,1993,"667,134"
NJ,9,4,1994,"714,059"
NJ,9,4,1995,"720,662"
NJ,9,4,1996,"725,720"
NJ,9,4,1997,"742,031"
NJ,9,4,1998,"705,462"
NJ,9,4,1999,"743,561"
NJ,9,4,2000,"626,484"
NJ,9,4,2001,"585,826"
NJ,9,4,2002,"620,750"
NJ,9,4,2003,"636,180"
NJ,9,4,2004,"645,017"
NJ,9,4,2005,"625,881"
NJ,9,4,2006,"566,905"
NJ,9,4,2007,"640,629"
NJ,9,4,2008,"635,200"
NJ,9,4,2009,"638,792"
NJ,9,4,2010,"671,474"
NJ,9,4,2011,"677,923"
NJ,9,4,2012,"670,970"
NJ,9,4,2013,"712,265"
NJ,9,4,2014,"805,697"
NJ,9,4,2015,"779,349"
NJ,9,4,2016,"794,239"
NJ,9,4,2017,"734,132"
NM,2,1.5,1960,"207,301"
NM,2,1.5,1961,"218,948"
NM,2,1.5,1962,"247,090"
NM,2,1.5,1963,"239,911"
NM,2,1.5,1964,"226,697"
NM,2,1.5,1965,"224,253"
NM,2,1.5,1966,"247,390"
NM,2,1.5,1967,"280,382"
NM,2,1.5,1968,"286,329"
NM,2,1.5,1969,"276,591"
NM,2,1.5,1970,"292,522"
NM,2,1.5,1971,"291,726"
NM,2,1.5,1972,"311,897"
NM,2,1.5,1973,"274,018"
NM,2,1.5,1974,"273,397"
NM,2,1.5,1975,"255,637"
NM,2,1.5,1976,"294,878"
NM,2,1.5,1977,"242,912"
NM,2,1.5,1978,"225,451"
NM,2,1.5,1979,"223,092"
NM,2,1.5,1980,"231,330"
NM,2,1.5,1981,"205,434"
NM,2,1.5,1982,"213,350"
NM,2,1.5,1983,"184,595"
NM,2,1.5,1984,"169,781"
NM,2,1.5,1985,"162,312"
NM,2,1.5,1986,"144,532"
NM,2,1.5,1987,"164,588"
NM,2,1.5,1988,"185,246"
NM,2,1.5,1989,"205,131"
NM,2,1.5,1990,"251,470"
NM,2,1.5,1991,"227,349"
NM,2,1.5,1992,"211,096"
NM,2,1.5,1993,"224,999"
NM,2,1.5,1994,"221,479"
NM,2,1.5,1995,"219,476"
NM,2,1.5,1996,"233,557"
NM,2,1.5,1997,"261,881"
NM,2,1.5,1998,"241,406"
NM,2,1.5,1999,"231,312"
NM,2,1.5,2000,"259,018"
NM,2,1.5,2001,"259,626"
NM,2,1.5,2002,"229,691"
NM,2,1.5,2003,"225,220"
NM,2,1.5,2004,"229,164"
NM,2,1.5,2005,"225,352"
NM,2,1.5,2006,"227,661"
NM,2,1.5,2007,"239,858"
NM,2,1.5,2008,"252,831"
NM,2,1.5,2009,"247,947"
NM,2,1.5,2010,"246,201"
NM,2,1.5,2011,"251,838"
NM,2,1.5,2012,"249,815"
NM,2,1.5,2013,"252,867"
NM,2,1.5,2014,"256,056"
NM,2,1.5,2015,"260,038"
NM,2,1.5,2016,"259,158"
NM,2,1.5,2017,"249,878"
NV,1,3,1960,"12,883"
NV,1,3,1961,"16,419"
NV,1,3,1962,"18,141"
NV,1,3,1963,"20,681"
NV,1,3,1964,"25,579"
NV,1,3,1965,"29,395"
NV,1,3,1966,"36,305"
NV,1,3,1967,"36,822"
NV,1,3,1968,"39,177"
NV,1,3,1969,"46,700"
NV,1,3,1970,"56,868"
NV,1,3,1971,"71,965"
NV,1,3,1972,"75,223"
NV,1,3,1973,"77,967"
NV,1,3,1974,"67,689"
NV,1,3,1975,"65,355"
NV,1,3,1976,"71,205"
NV,1,3,1977,"74,534"
NV,1,3,1978,"66,305"
NV,1,3,1979,"85,539"
NV,1,3,1980,"62,020"
NV,1,3,1981,"78,744"
NV,1,3,1982,"49,891"
NV,1,3,1983,"44,693"
NV,1,3,1984,"44,749"
NV,1,3,1985,"41,630"
NV,1,3,1986,"35,784"
NV,1,3,1987,"41,705"
NV,1,3,1988,"48,370"
NV,1,3,1989,"65,577"
NV,1,3,1990,"66,888"
NV,1,3,1991,"68,175"
NV,1,3,1992,"81,224"
NV,1,3,1993,"87,532"
NV,1,3,1994,"104,950"
NV,1,3,1995,"112,502"
NV,1,3,1996,"126,894"
NV,1,3,1997,"135,497"
NV,1,3,1998,"154,656"
NV,1,3,1999,"159,981"
NV,1,3,2000,"194,126"
NV,1,3,2001,"181,256"
NV,1,3,2002,"181,010"
NV,1,3,2003,"191,050"
NV,1,3,2004,"221,648"
NV,1,3,2005,"236,007"
NV,1,3,2006,"257,595"
NV,1,3,2007,"262,547"
NV,1,3,2008,"274,915"
NV,1,3,2009,"284,007"
NV,1,3,2010,"267,808"
NV,1,3,2011,"255,970"
NV,1,3,2012,"281,432"
NV,1,3,2013,"282,245"
NV,1,3,2014,"261,902"
NV,1,3,2015,"312,602"
NV,1,3,2016,"316,653"
NV,1,3,2017,"306,398"
NY,8.5,5,1960,"434,127"
NY,8.5,5,1961,"450,630"
NY,8.5,5,1962,"491,055"
NY,8.5,5,1963,"520,712"
NY,8.5,5,1964,"527,890"
NY,8.5,5,1965,"558,658"
NY,8.5,5,1966,"645,684"
NY,8.5,5,1967,"602,670"
NY,8.5,5,1968,"653,282"
NY,8.5,5,1969,"698,046"
NY,8.5,5,1970,"725,813"
NY,8.5,5,1971,"731,597"
NY,8.5,5,1972,"707,277"
NY,8.5,5,1973,"703,023"
NY,8.5,5,1974,"641,925"
NY,8.5,5,1975,"585,536"
NY,8.5,5,1976,"604,276"
NY,8.5,5,1977,"567,877"
NY,8.5,5,1978,"576,482"
NY,8.5,5,1979,"633,562"
NY,8.5,5,1980,"755,879"
NY,8.5,5,1981,"775,672"
NY,8.5,5,1982,"793,099"
NY,8.5,5,1983,"739,849"
NY,8.5,5,1984,"811,341"
NY,8.5,5,1985,"784,737"
NY,8.5,5,1986,"749,938"
NY,8.5,5,1987,"801,915"
NY,8.5,5,1988,"813,134"
NY,8.5,5,1989,"870,928"
NY,8.5,5,1990,"895,361"
NY,8.5,5,1991,"917,236"
NY,8.5,5,1992,"1,033,951"
NY,8.5,5,1993,"1,023,167"
NY,8.5,5,1994,"1,095,583"
NY,8.5,5,1995,"1,295,400"
NY,8.5,5,1996,"1,230,771"
NY,8.5,5,1997,"1,358,091"
NY,8.5,5,1998,"1,267,065"
NY,8.5,5,1999,"1,308,656"
NY,8.5,5,2000,"1,279,693"
NY,8.5,5,2001,"1,205,883"
NY,8.5,5,2002,"1,227,224"
NY,8.5,5,2003,"1,131,362"
NY,8.5,5,2004,"1,126,605"
NY,8.5,5,2005,"1,107,220"
NY,8.5,5,2006,"1,120,200"
NY,8.5,5,2007,"1,214,362"
NY,8.5,5,2008,"1,205,144"
NY,8.5,5,2009,"1,166,620"
NY,8.5,5,2010,"1,224,485"
NY,8.5,5,2011,"1,247,757"
NY,8.5,5,2012,"1,260,950"
NY,8.5,5,2013,"1,315,282"
NY,8.5,5,2014,"1,392,378"
NY,8.5,5,2015,"1,396,693"
NY,8.5,5,2016,"1,336,455"
NY,8.5,5,2017,"1,280,124"
OH,7,4,1960,"724,824"
OH,7,4,1961,"746,456"
OH,7,4,1962,"784,630"
OH,7,4,1963,"826,138"
OH,7,4,1964,"852,659"
OH,7,4,1965,"909,391"
OH,7,4,1966,"975,841"
OH,7,4,1967,"994,595"
OH,7,4,1968,"1,018,464"
OH,7,4,1969,"1,063,953"
OH,7,4,1970,"1,077,151"
OH,7,4,1971,"1,112,130"
OH,7,4,1972,"1,174,203"
OH,7,4,1973,"1,131,760"
OH,7,4,1974,"1,114,904"
OH,7,4,1975,"978,885"
OH,7,4,1976,"1,031,075"
OH,7,4,1977,"867,837"
OH,7,4,1978,"950,973"
OH,7,4,1979,"920,390"
OH,7,4,1980,"911,335"
OH,7,4,1981,"890,359"
OH,7,4,1982,"837,111"
OH,7,4,1983,"772,675"
OH,7,4,1984,"814,353"
OH,7,4,1985,"765,373"
OH,7,4,1986,"749,750"
OH,7,4,1987,"747,101"
OH,7,4,1988,"837,521"
OH,7,4,1989,"848,316"
OH,7,4,1990,"776,588"
OH,7,4,1991,"799,328"
OH,7,4,1992,"839,324"
OH,7,4,1993,"865,610"
OH,7,4,1994,"872,832"
OH,7,4,1995,"923,946"
OH,7,4,1996,"968,562"
OH,7,4,1997,"938,245"
OH,7,4,1998,"843,871"
OH,7,4,1999,"873,157"
OH,7,4,2000,"928,425"
OH,7,4,2001,"838,022"
OH,7,4,2002,"862,535"
OH,7,4,2003,"878,930"
OH,7,4,2004,"862,912"
OH,7,4,2005,"861,477"
OH,7,4,2006,"771,312"
OH,7,4,2007,"836,185"
OH,7,4,2008,"823,936"
OH,7,4,2009,"771,303"
OH,7,4,2010,"810,958"
OH,7,4,2011,"849,076"
OH,7,4,2012,"869,934"
OH,7,4,2013,"946,162"
OH,7,4,2014,"1,059,480"
OH,7,4,2015,"1,032,214"
OH,7,4,2016,"994,415"
OH,7,4,2017,"1,015,165"
OK,3.5,2,1960,"319,270"
OK,3.5,2,1961,"316,051"
OK,3.5,2,1962,"416,403"
OK,3.5,2,1963,"490,988"
OK,3.5,2,1964,"522,805"
OK,3.5,2,1965,"480,079"
OK,3.5,2,1966,"449,319"
OK,3.5,2,1967,"460,163"
OK,3.5,2,1968,"507,884"
OK,3.5,2,1969,"558,754"
OK,3.5,2,1970,"616,279"
OK,3.5,2,1971,"631,152"
OK,3.5,2,1972,"649,909"
OK,3.5,2,1973,"625,808"
OK,3.5,2,1974,"681,130"
OK,3.5,2,1975,"678,851"
OK,3.5,2,1976,"770,752"
OK,3.5,2,1977,"787,694"
OK,3.5,2,1978,"788,658"
OK,3.5,2,1979,"844,294"
OK,3.5,2,1980,"738,931"
OK,3.5,2,1981,"694,455"
OK,3.5,2,1982,"692,328"
OK,3.5,2,1983,"655,366"
OK,3.5,2,1984,"669,277"
OK,3.5,2,1985,"603,855"
OK,3.5,2,1986,"570,749"
OK,3.5,2,1987,"617,551"
OK,3.5,2,1988,"611,171"
OK,3.5,2,1989,"620,318"
OK,3.5,2,1990,"628,222"
OK,3.5,2,1991,"589,960"
OK,3.5,2,1992,"565,655"
OK,3.5,2,1993,"600,099"
OK,3.5,2,1994,"595,671"
OK,3.5,2,1995,"586,432"
OK,3.5,2,1996,"587,957"
OK,3.5,2,1997,"573,479"
OK,3.5,2,1998,"583,964"
OK,3.5,2,1999,"550,768"
OK,3.5,2,2000,"546,706"
OK,3.5,2,2001,"505,220"
OK,3.5,2,2002,"522,530"
OK,3.5,2,2003,"556,306"
OK,3.5,2,2004,"555,273"
OK,3.5,2,2005,"600,011"
OK,3.5,2,2006,"644,381"
OK,3.5,2,2007,"677,472"
OK,3.5,2,2008,"711,379"
OK,3.5,2,2009,"681,062"
OK,3.5,2,2010,"697,351"
OK,3.5,2,2011,"676,910"
OK,3.5,2,2012,"712,411"
OK,3.5,2,2013,"682,277"
OK,3.5,2,2014,"667,360"
OK,3.5,2,2015,"711,393"
OK,3.5,2,2016,"736,164"
OK,3.5,2,2017,"691,654"
OR,0,5,1960,"31,941"
OR,0,5,1961,"35,011"
OR,0,5,1962,"39,190"
OR,0,5,1963,"46,731"
OR,0,5,1964,"57,979"
OR,0,5,1965,"59,990"
OR,0,5,1966,"69,324"
OR,0,5,1967,"73,999"
OR,0,5,1968,"83,504"
OR,0,5,1969,"92,598"
OR,0,5,1970,"99,572"
OR,0,5,1971,"105,437"
OR,0,5,1972,"115,326"
OR,0,5,1973,"114,331"
OR,0,5,1974,"102,365"
OR,0,5,1975,"114,184"
OR,0,5,1976,"95,830"
OR,0,5,1977,"75,567"
OR,0,5,1978,"90,025"
OR,0,5,1979,"97,905"
OR,0,5,1980,"82,324"
OR,0,5,1981,"78,887"
OR,0,5,1982,"73,941"
OR,0,5,1983,"69,794"
OR,0,5,1984,"81,473"
OR,0,5,1985,"85,492"
OR,0,5,1986,"72,534"
OR,0,5,1987,"82,497"
OR,0,5,1988,"89,168"
OR,0,5,1989,"111,810"
OR,0,5,1990,"111,727"
OR,0,5,1991,"127,782"
OR,0,5,1992,"127,165"
OR,0,5,1993,"141,799"
OR,0,5,1994,"152,931"
OR,0,5,1995,"152,113"
OR,0,5,1996,"188,211"
OR,0,5,1997,"193,773"
OR,0,5,1998,"239,271"
OR,0,5,1999,"246,999"
OR,0,5,2000,"230,965"
OR,0,5,2001,"235,636"
OR,0,5,2002,"206,813"
OR,0,5,2003,"215,107"
OR,0,5,2004,"238,052"
OR,0,5,2005,"239,539"
OR,0,5,2006,"229,731"
OR,0,5,2007,"260,240"
OR,0,5,2008,"274,659"
OR,0,5,2009,"254,837"
OR,0,5,2010,"242,914"
OR,0,5,2011,"203,607"
OR,0,5,2012,"220,578"
OR,0,5,2013,"244,265"
OR,0,5,2014,"226,472"
OR,0,5,2015,"245,897"
OR,0,5,2016,"249,829"
OR,0,5,2017,"262,755"
PA,8,4,1960,"540,094"
PA,8,4,1961,"547,651"
PA,8,4,1962,"568,742"
PA,8,4,1963,"609,513"
PA,8,4,1964,"632,666"
PA,8,4,1965,"652,906"
PA,8,4,1966,"702,888"
PA,8,4,1967,"701,546"
PA,8,4,1968,"741,600"
PA,8,4,1969,"791,217"
PA,8,4,1970,"797,877"
PA,8,4,1971,"828,583"
PA,8,4,1972,"856,316"
PA,8,4,1973,"811,496"
PA,8,4,1974,"732,721"
PA,8,4,1975,"670,085"
PA,8,4,1976,"731,356"
PA,8,4,1977,"682,372"
PA,8,4,1978,"688,256"
PA,8,4,1979,"756,079"
PA,8,4,1980,"792,780"
PA,8,4,1981,"801,954"
PA,8,4,1982,"714,089"
PA,8,4,1983,"662,626"
PA,8,4,1984,"699,730"
PA,8,4,1985,"646,939"
PA,8,4,1986,"631,912"
PA,8,4,1987,"659,058"
PA,8,4,1988,"692,733"
PA,8,4,1989,"714,975"
PA,8,4,1990,"680,696"
PA,8,4,1991,"667,168"
PA,8,4,1992,"717,325"
PA,8,4,1993,"731,808"
PA,8,4,1994,"739,126"
PA,8,4,1995,"761,505"
PA,8,4,1996,"771,202"
PA,8,4,1997,"730,778"
PA,8,4,1998,"667,233"
PA,8,4,1999,"713,570"
PA,8,4,2000,"727,484"
PA,8,4,2001,"669,073"
PA,8,4,2002,"700,579"
PA,8,4,2003,"717,593"
PA,8,4,2004,"723,325"
PA,8,4,2005,"719,255"
PA,8,4,2006,"684,824"
PA,8,4,2007,"780,240"
PA,8,4,2008,"778,379"
PA,8,4,2009,"839,666"
PA,8,4,2010,"909,263"
PA,8,4,2011,"1,000,509"
PA,8,4,2012,"1,079,497"
PA,8,4,2013,"1,175,538"
PA,8,4,2014,"1,304,101"
PA,8,4,2015,"1,313,380"
PA,8,4,2016,"1,354,340"
PA,8,4,2017,"1,403,672"
RI,10,4,1960,"12,253"
RI,10,4,1961,"13,227"
RI,10,4,1962,"14,277"
RI,10,4,1963,"15,343"
RI,10,4,1964,"16,145"
RI,10,4,1965,"17,036"
RI,10,4,1966,"17,385"
RI,10,4,1967,"19,251"
RI,10,4,1968,"21,574"
RI,10,4,1969,"23,503"
RI,10,4,1970,"25,620"
RI,10,4,1971,"26,201"
RI,10,4,1972,"22,966"
RI,10,4,1973,"20,888"
RI,10,4,1974,"24,090"
RI,10,4,1975,"23,453"
RI,10,4,1976,"20,966"
RI,10,4,1977,"25,964"
RI,10,4,1978,"23,339"
RI,10,4,1979,"27,526"
RI,10,4,1980,"28,210"
RI,10,4,1981,"29,845"
RI,10,4,1982,"28,878"
RI,10,4,1983,"30,060"
RI,10,4,1984,"32,640"
RI,10,4,1985,"30,860"
RI,10,4,1986,"27,118"
RI,10,4,1987,"36,936"
RI,10,4,1988,"31,618"
RI,10,4,1989,"34,853"
RI,10,4,1990,"40,452"
RI,10,4,1991,"78,091"
RI,10,4,1992,"117,915"
RI,10,4,1993,"76,632"
RI,10,4,1994,"112,094"
RI,10,4,1995,"103,527"
RI,10,4,1996,"127,189"
RI,10,4,1997,"120,532"
RI,10,4,1998,"134,035"
RI,10,4,1999,"120,720"
RI,10,4,2000,"91,787"
RI,10,4,2001,"98,571"
RI,10,4,2002,"89,824"
RI,10,4,2003,"80,339"
RI,10,4,2004,"74,352"
RI,10,4,2005,"82,460"
RI,10,4,2006,"78,517"
RI,10,4,2007,"90,259"
RI,10,4,2008,"91,220"
RI,10,4,2009,"94,877"
RI,10,4,2010,"95,710"
RI,10,4,2011,"102,465"
RI,10,4,2012,"98,435"
RI,10,4,2013,"88,274"
RI,10,4,2014,"91,374"
RI,10,4,2015,"96,514"
RI,10,4,2016,"88,471"
RI,10,4,2017,"94,751"
SC,7.5,1,1960,"60,581"
SC,7.5,1,1961,"63,060"
SC,7.5,1,1962,"73,118"
SC,7.5,1,1963,"78,478"
SC,7.5,1,1964,"82,101"
SC,7.5,1,1965,"90,513"
SC,7.5,1,1966,"100,873"
SC,7.5,1,1967,"104,561"
SC,7.5,1,1968,"132,104"
SC,7.5,1,1969,"145,896"
SC,7.5,1,1970,"164,305"
SC,7.5,1,1971,"160,638"
SC,7.5,1,1972,"148,156"
SC,7.5,1,1973,"157,128"
SC,7.5,1,1974,"135,291"
SC,7.5,1,1975,"125,900"
SC,7.5,1,1976,"152,416"
SC,7.5,1,1977,"141,633"
SC,7.5,1,1978,"121,336"
SC,7.5,1,1979,"121,479"
SC,7.5,1,1980,"146,922"
SC,7.5,1,1981,"145,189"
SC,7.5,1,1982,"101,043"
SC,7.5,1,1983,"104,376"
SC,7.5,1,1984,"111,248"
SC,7.5,1,1985,"100,198"
SC,7.5,1,1986,"101,506"
SC,7.5,1,1987,"108,620"
SC,7.5,1,1988,"115,342"
SC,7.5,1,1989,"119,856"
SC,7.5,1,1990,"134,106"
SC,7.5,1,1991,"137,441"
SC,7.5,1,1992,"141,785"
SC,7.5,1,1993,"145,626"
SC,7.5,1,1994,"148,867"
SC,7.5,1,1995,"156,021"
SC,7.5,1,1996,"154,066"
SC,7.5,1,1997,"158,683"
SC,7.5,1,1998,"164,881"
SC,7.5,1,1999,"167,978"
SC,7.5,1,2000,"165,091"
SC,7.5,1,2001,"147,173"
SC,7.5,1,2002,"190,717"
SC,7.5,1,2003,"151,920"
SC,7.5,1,2004,"169,519"
SC,7.5,1,2005,"178,397"
SC,7.5,1,2006,"181,973"
SC,7.5,1,2007,"182,201"
SC,7.5,1,2008,"175,858"
SC,7.5,1,2009,"197,419"
SC,7.5,1,2010,"225,961"
SC,7.5,1,2011,"235,465"
SC,7.5,1,2012,"250,482"
SC,7.5,1,2013,"236,943"
SC,7.5,1,2014,"236,058"
SC,7.5,1,2015,"284,022"
SC,7.5,1,2016,"284,225"
SC,7.5,1,2017,"285,533"
SD,3,5,1960,"25,392"
SD,3,5,1961,"26,724"
SD,3,5,1962,"28,372"
SD,3,5,1963,"25,084"
SD,3,5,1964,"27,528"
SD,3,5,1965,"26,884"
SD,3,5,1966,"28,256"
SD,3,5,1967,"27,846"
SD,3,5,1968,"28,959"
SD,3,5,1969,"33,995"
SD,3,5,1970,"36,464"
SD,3,5,1971,"31,959"
SD,3,5,1972,"34,214"
SD,3,5,1973,"31,283"
SD,3,5,1974,"32,044"
SD,3,5,1975,"32,534"
SD,3,5,1976,"39,168"
SD,3,5,1977,"36,097"
SD,3,5,1978,"35,395"
SD,3,5,1979,"25,611"
SD,3,5,1980,"24,029"
SD,3,5,1981,"22,100"
SD,3,5,1982,"25,064"
SD,3,5,1983,"23,583"
SD,3,5,1984,"24,862"
SD,3,5,1985,"25,454"
SD,3,5,1986,"23,409"
SD,3,5,1987,"21,361"
SD,3,5,1988,"24,711"
SD,3,5,1989,"25,938"
SD,3,5,1990,"25,456"
SD,3,5,1991,"26,733"
SD,3,5,1992,"27,045"
SD,3,5,1993,"31,718"
SD,3,5,1994,"31,290"
SD,3,5,1995,"34,776"
SD,3,5,1996,"37,430"
SD,3,5,1997,"36,803"
SD,3,5,1998,"33,374"
SD,3,5,1999,"36,009"
SD,3,5,2000,"38,130"
SD,3,5,2001,"37,040"
SD,3,5,2002,"41,536"
SD,3,5,2003,"43,925"
SD,3,5,2004,"41,762"
SD,3,5,2005,"42,853"
SD,3,5,2006,"40,861"
SD,3,5,2007,"54,100"
SD,3,5,2008,"65,453"
SD,3,5,2009,"66,317"
SD,3,5,2010,"72,926"
SD,3,5,2011,"73,973"
SD,3,5,2012,"71,501"
SD,3,5,2013,"84,527"
SD,3,5,2014,"83,919"
SD,3,5,2015,"83,370"
SD,3,5,2016,"85,021"
SD,3,5,2017,"85,171"
TN,6,2,1960,"151,740"
TN,6,2,1961,"166,703"
TN,6,2,1962,"173,967"
TN,6,2,1963,"179,197"
TN,6,2,1964,"191,178"
TN,6,2,1965,"211,142"
TN,6,2,1966,"236,752"
TN,6,2,1967,"241,965"
TN,6,2,1968,"243,425"
TN,6,2,1969,"257,524"
TN,6,2,1970,"261,784"
TN,6,2,1971,"270,841"
TN,6,2,1972,"283,375"
TN,6,2,1973,"300,079"
TN,6,2,1974,"265,374"
TN,6,2,1975,"224,065"
TN,6,2,1976,"218,483"
TN,6,2,1977,"208,401"
TN,6,2,1978,"189,201"
TN,6,2,1979,"233,860"
TN,6,2,1980,"233,335"
TN,6,2,1981,"227,106"
TN,6,2,1982,"212,133"
TN,6,2,1983,"199,086"
TN,6,2,1984,"211,305"
TN,6,2,1985,"196,735"
TN,6,2,1986,"194,016"
TN,6,2,1987,"206,990"
TN,6,2,1988,"220,884"
TN,6,2,1989,"228,568"
TN,6,2,1990,"227,525"
TN,6,2,1991,"234,603"
TN,6,2,1992,"249,246"
TN,6,2,1993,"263,161"
TN,6,2,1994,"254,082"
TN,6,2,1995,"264,889"
TN,6,2,1996,"289,382"
TN,6,2,1997,"291,844"
TN,6,2,1998,"287,447"
TN,6,2,1999,"286,375"
TN,6,2,2000,"280,679"
TN,6,2,2001,"265,461"
TN,6,2,2002,"263,691"
TN,6,2,2003,"265,807"
TN,6,2,2004,"238,761"
TN,6,2,2005,"238,400"
TN,6,2,2006,"230,047"
TN,6,2,2007,"229,520"
TN,6,2,2008,"238,441"
TN,6,2,2009,"223,019"
TN,6,2,2010,"263,365"
TN,6,2,2011,"267,929"
TN,6,2,2012,"281,007"
TN,6,2,2013,"284,750"
TN,6,2,2014,"313,887"
TN,6,2,2015,"322,468"
TN,6,2,2016,"336,341"
TN,6,2,2017,"331,680"
TX,3,1,1960,"2,815,483"
TX,3,1,1961,"2,831,993"
TX,3,1,1962,"2,959,563"
TX,3,1,1963,"3,044,428"
TX,3,1,1964,"3,040,492"
TX,3,1,1965,"3,181,456"
TX,3,1,1966,"3,404,262"
TX,3,1,1967,"3,638,596"
TX,3,1,1968,"3,836,859"
TX,3,1,1969,"4,024,717"
TX,3,1,1970,"4,203,877"
TX,3,1,1971,"4,482,576"
TX,3,1,1972,"4,531,777"
TX,3,1,1973,"4,746,155"
TX,3,1,1974,"4,584,002"
TX,3,1,1975,"4,046,930"
TX,3,1,1976,"4,074,690"
TX,3,1,1977,"4,254,885"
TX,3,1,1978,"4,329,773"
TX,3,1,1979,"4,131,399"
TX,3,1,1980,"4,226,105"
TX,3,1,1981,"4,052,341"
TX,3,1,1982,"3,503,025"
TX,3,1,1983,"3,335,519"
TX,3,1,1984,"3,556,198"
TX,3,1,1985,"3,514,373"
TX,3,1,1986,"3,312,929"
TX,3,1,1987,"3,435,413"
TX,3,1,1988,"3,665,187"
TX,3,1,1989,"3,886,116"
TX,3,1,1990,"3,877,833"
TX,3,1,1991,"3,824,190"
TX,3,1,1992,"3,768,324"
TX,3,1,1993,"3,925,166"
TX,3,1,1994,"3,885,073"
TX,3,1,1995,"4,037,539"
TX,3,1,1996,"4,268,665"
TX,3,1,1997,"4,231,566"
TX,3,1,1998,"4,377,957"
TX,3,1,1999,"4,138,086"
TX,3,1,2000,"4,550,106"
TX,3,1,2001,"4,384,479"
TX,3,1,2002,"4,444,508"
TX,3,1,2003,"4,177,143"
TX,3,1,2004,"4,039,787"
TX,3,1,2005,"3,621,139"
TX,3,1,2006,"3,544,789"
TX,3,1,2007,"3,626,526"
TX,3,1,2008,"3,653,462"
TX,3,1,2009,"3,481,133"
TX,3,1,2010,"3,689,581"
TX,3,1,2011,"3,800,578"
TX,3,1,2012,"3,964,124"
TX,3,1,2013,"4,131,226"
TX,3,1,2014,"4,060,592"
TX,3,1,2015,"4,263,860"
TX,3,1,2016,"4,151,063"
TX,3,1,2017,"3,994,212"
UT,1,3,1960,"72,441"
UT,1,3,1961,"79,168"
UT,1,3,1962,"87,938"
UT,1,3,1963,"88,494"
UT,1,3,1964,"99,071"
UT,1,3,1965,"99,810"
UT,1,3,1966,"95,740"
UT,1,3,1967,"97,068"
UT,1,3,1968,"101,626"
UT,1,3,1969,"110,888"
UT,1,3,1970,"114,377"
UT,1,3,1971,"113,876"
UT,1,3,1972,"116,399"
UT,1,3,1973,"116,335"
UT,1,3,1974,"115,206"
UT,1,3,1975,"117,952"
UT,1,3,1976,"138,603"
UT,1,3,1977,"100,999"
UT,1,3,1978,"113,322"
UT,1,3,1979,"120,980"
UT,1,3,1980,"124,990"
UT,1,3,1981,"109,703"
UT,1,3,1982,"110,526"
UT,1,3,1983,"118,449"
UT,1,3,1984,"124,247"
UT,1,3,1985,"123,750"
UT,1,3,1986,"99,706"
UT,1,3,1987,"106,906"
UT,1,3,1988,"117,778"
UT,1,3,1989,"123,414"
UT,1,3,1990,"126,913"
UT,1,3,1991,"142,458"
UT,1,3,1992,"132,362"
UT,1,3,1993,"149,255"
UT,1,3,1994,"146,416"
UT,1,3,1995,"166,860"
UT,1,3,1996,"168,059"
UT,1,3,1997,"172,248"
UT,1,3,1998,"177,960"
UT,1,3,1999,"169,255"
UT,1,3,2000,"173,439"
UT,1,3,2001,"167,582"
UT,1,3,2002,"172,366"
UT,1,3,2003,"163,527"
UT,1,3,2004,"164,154"
UT,1,3,2005,"168,770"
UT,1,3,2006,"197,894"
UT,1,3,2007,"231,125"
UT,1,3,2008,"237,414"
UT,1,3,2009,"223,646"
UT,1,3,2010,"229,078"
UT,1,3,2011,"230,672"
UT,1,3,2012,"232,630"
UT,1,3,2013,"258,661"
UT,1,3,2014,"251,649"
UT,1,3,2015,"242,848"
UT,1,3,2016,"250,199"
UT,1,3,2017,"231,342"
VA,8,3,1960,"68,431"
VA,8,3,1961,"73,034"
VA,8,3,1962,"79,884"
VA,8,3,1963,"86,240"
VA,8,3,1964,"91,963"
VA,8,3,1965,"98,615"
VA,8,3,1966,"125,287"
VA,8,3,1967,"119,364"
VA,8,3,1968,"125,708"
VA,8,3,1969,"132,739"
VA,8,3,1970,"140,072"
VA,8,3,1971,"147,758"
VA,8,3,1972,"159,705"
VA,8,3,1973,"156,669"
VA,8,3,1974,"146,811"
VA,8,3,1975,"123,625"
VA,8,3,1976,"125,855"
VA,8,3,1977,"120,734"
VA,8,3,1978,"136,935"
VA,8,3,1979,"136,958"
VA,8,3,1980,"161,015"
VA,8,3,1981,"155,379"
VA,8,3,1982,"155,040"
VA,8,3,1983,"147,232"
VA,8,3,1984,"148,750"
VA,8,3,1985,"144,897"
VA,8,3,1986,"146,664"
VA,8,3,1987,"165,253"
VA,8,3,1988,"170,234"
VA,8,3,1989,"180,848"
VA,8,3,1990,"192,084"
VA,8,3,1991,"188,719"
VA,8,3,1992,"221,204"
VA,8,3,1993,"248,973"
VA,8,3,1994,"261,606"
VA,8,3,1995,"284,332"
VA,8,3,1996,"270,581"
VA,8,3,1997,"259,936"
VA,8,3,1998,"271,542"
VA,8,3,1999,"287,330"
VA,8,3,2000,"278,198"
VA,8,3,2001,"246,654"
VA,8,3,2002,"266,981"
VA,8,3,2003,"272,436"
VA,8,3,2004,"285,757"
VA,8,3,2005,"311,736"
VA,8,3,2006,"283,497"
VA,8,3,2007,"331,110"
VA,8,3,2008,"310,740"
VA,8,3,2009,"330,625"
VA,8,3,2010,"385,931"
VA,8,3,2011,"383,527"
VA,8,3,2012,"424,050"
VA,8,3,2013,"433,573"
VA,8,3,2014,"439,012"
VA,8,3,2015,"526,503"
VA,8,3,2016,"572,141"
VA,8,3,2017,"596,749"
VT,9,5,1960,0
VT,9,5,1961,0
VT,9,5,1962,0
VT,9,5,1963,0
VT,9,5,1964,0
VT,9,5,1965,0
VT,9,5,1966,906
VT,9,5,1967,"1,374"
VT,9,5,1968,"1,674"
VT,9,5,1969,"2,391"
VT,9,5,1970,"2,679"
VT,9,5,1971,"3,066"
VT,9,5,1972,"3,817"
VT,9,5,1973,"4,212"
VT,9,5,1974,"4,785"
VT,9,5,1975,"4,005"
VT,9,5,1976,"3,700"
VT,9,5,1977,"4,025"
VT,9,5,1978,"3,819"
VT,9,5,1979,"4,398"
VT,9,5,1980,"3,951"
VT,9,5,1981,"4,352"
VT,9,5,1982,"4,340"
VT,9,5,1983,"4,324"
VT,9,5,1984,"4,829"
VT,9,5,1985,"4,958"
VT,9,5,1986,"4,954"
VT,9,5,1987,"5,113"
VT,9,5,1988,"5,494"
VT,9,5,1989,"6,064"
VT,9,5,1990,"6,678"
VT,9,5,1991,"6,988"
VT,9,5,1992,"7,573"
VT,9,5,1993,"7,225"
VT,9,5,1994,"7,282"
VT,9,5,1995,"7,263"
VT,9,5,1996,"7,466"
VT,9,5,1997,"8,314"
VT,9,5,1998,"7,828"
VT,9,5,1999,"8,129"
VT,9,5,2000,"10,552"
VT,9,5,2001,"8,014"
VT,9,5,2002,"8,401"
VT,9,5,2003,"8,451"
VT,9,5,2004,"8,720"
VT,9,5,2005,"8,406"
VT,9,5,2006,"8,064"
VT,9,5,2007,"8,876"
VT,9,5,2008,"8,667"
VT,9,5,2009,"8,681"
VT,9,5,2010,"8,502"
VT,9,5,2011,"8,679"
VT,9,5,2012,"8,290"
VT,9,5,2013,"9,746"
VT,9,5,2014,"10,858"
VT,9,5,2015,"12,248"
VT,9,5,2016,"12,385"
VT,9,5,2017,"12,288"
WA,0,6,1960,"67,207"
WA,0,6,1961,"72,805"
WA,0,6,1962,"84,281"
WA,0,6,1963,"93,433"
WA,0,6,1964,"113,935"
WA,0,6,1965,"116,216"
WA,0,6,1966,"124,827"
WA,0,6,1967,"135,245"
WA,0,6,1968,"148,065"
WA,0,6,1969,"153,481"
WA,0,6,1970,"158,242"
WA,0,6,1971,"165,279"
WA,0,6,1972,"179,823"
WA,0,6,1973,"207,952"
WA,0,6,1974,"191,311"
WA,0,6,1975,"171,236"
WA,0,6,1976,"154,881"
WA,0,6,1977,"149,077"
WA,0,6,1978,"133,338"
WA,0,6,1979,"165,950"
WA,0,6,1980,"135,466"
WA,0,6,1981,"131,189"
WA,0,6,1982,"114,412"
WA,0,6,1983,"111,802"
WA,0,6,1984,"131,970"
WA,0,6,1985,"139,983"
WA,0,6,1986,"121,793"
WA,0,6,1987,"136,092"
WA,0,6,1988,"150,595"
WA,0,6,1989,"167,988"
WA,0,6,1990,"167,616"
WA,0,6,1991,"179,395"
WA,0,6,1992,"180,769"
WA,0,6,1993,"229,616"
WA,0,6,1994,"263,176"
WA,0,6,1995,"264,474"
WA,0,6,1996,"283,909"
WA,0,6,1997,"268,141"
WA,0,6,1998,"303,307"
WA,0,6,1999,"302,262"
WA,0,6,2000,"297,569"
WA,0,6,2001,"322,413"
WA,0,6,2002,"240,494"
WA,0,6,2003,"255,839"
WA,0,6,2004,"269,572"
WA,0,6,2005,"272,167"
WA,0,6,2006,"271,034"
WA,0,6,2007,"279,429"
WA,0,6,2008,"307,085"
WA,0,6,2009,"319,739"
WA,0,6,2010,"294,871"
WA,0,6,2011,"272,261"
WA,0,6,2012,"271,947"
WA,0,6,2013,"327,840"
WA,0,6,2014,"320,167"
WA,0,6,2015,"327,738"
WA,0,6,2016,"324,929"
WA,0,6,2017,"351,273"
WI,5,5,1960,"93,792"
WI,5,5,1961,"117,658"
WI,5,5,1962,"141,294"
WI,5,5,1963,"156,163"
WI,5,5,1964,"173,946"
WI,5,5,1965,"204,093"
WI,5,5,1966,"229,393"
WI,5,5,1967,"253,737"
WI,5,5,1968,"278,560"
WI,5,5,1969,"324,186"
WI,5,5,1970,"344,241"
WI,5,5,1971,"354,746"
WI,5,5,1972,"326,921"
WI,5,5,1973,"373,480"
WI,5,5,1974,"386,865"
WI,5,5,1975,"372,097"
WI,5,5,1976,"320,512"
WI,5,5,1977,"354,397"
WI,5,5,1978,"375,286"
WI,5,5,1979,"372,258"
WI,5,5,1980,"354,672"
WI,5,5,1981,"327,533"
WI,5,5,1982,"315,752"
WI,5,5,1983,"301,791"
WI,5,5,1984,"307,516"
WI,5,5,1985,"311,449"
WI,5,5,1986,"281,637"
WI,5,5,1987,"281,600"
WI,5,5,1988,"319,683"
WI,5,5,1989,"332,749"
WI,5,5,1990,"311,237"
WI,5,5,1991,"333,845"
WI,5,5,1992,"334,868"
WI,5,5,1993,"352,383"
WI,5,5,1994,"360,445"
WI,5,5,1995,"385,342"
WI,5,5,1996,"408,101"
WI,5,5,1997,"404,959"
WI,5,5,1998,"372,082"
WI,5,5,1999,"385,142"
WI,5,5,2000,"397,553"
WI,5,5,2001,"363,022"
WI,5,5,2002,"388,007"
WI,5,5,2003,"397,869"
WI,5,5,2004,"385,999"
WI,5,5,2005,"415,583"
WI,5,5,2006,"376,559"
WI,5,5,2007,"403,947"
WI,5,5,2008,"415,109"
WI,5,5,2009,"392,485"
WI,5,5,2010,"376,627"
WI,5,5,2011,"399,247"
WI,5,5,2012,"410,305"
WI,5,5,2013,"454,050"
WI,5,5,2014,"479,396"
WI,5,5,2015,"476,969"
WI,5,5,2016,"501,042"
WI,5,5,2017,"504,479"
WV,7.5,3,1960,"155,554"
WV,7.5,3,1961,"168,291"
WV,7.5,3,1962,"159,207"
WV,7.5,3,1963,"163,925"
WV,7.5,3,1964,"172,374"
WV,7.5,3,1965,"176,111"
WV,7.5,3,1966,"179,195"
WV,7.5,3,1967,"157,423"
WV,7.5,3,1968,"189,957"
WV,7.5,3,1969,"176,295"
WV,7.5,3,1970,"186,535"
WV,7.5,3,1971,"183,553"
WV,7.5,3,1972,"204,916"
WV,7.5,3,1973,"191,905"
WV,7.5,3,1974,"186,565"
WV,7.5,3,1975,"164,297"
WV,7.5,3,1976,"157,204"
WV,7.5,3,1977,"150,605"
WV,7.5,3,1978,"156,607"
WV,7.5,3,1979,"152,059"
WV,7.5,3,1980,"147,624"
WV,7.5,3,1981,"154,468"
WV,7.5,3,1982,"136,141"
WV,7.5,3,1983,"120,214"
WV,7.5,3,1984,"130,959"
WV,7.5,3,1985,"125,018"
WV,7.5,3,1986,"121,128"
WV,7.5,3,1987,"123,734"
WV,7.5,3,1988,"131,544"
WV,7.5,3,1989,"139,427"
WV,7.5,3,1990,"129,005"
WV,7.5,3,1991,"118,823"
WV,7.5,3,1992,"137,666"
WV,7.5,3,1993,"144,246"
WV,7.5,3,1994,"155,098"
WV,7.5,3,1995,"157,816"
WV,7.5,3,1996,"164,286"
WV,7.5,3,1997,"170,349"
WV,7.5,3,1998,"151,873"
WV,7.5,3,1999,"147,675"
WV,7.5,3,2000,"157,926"
WV,7.5,3,2001,"150,543"
WV,7.5,3,2002,"155,536"
WV,7.5,3,2003,"135,367"
WV,7.5,3,2004,"129,358"
WV,7.5,3,2005,"124,984"
WV,7.5,3,2006,"126,316"
WV,7.5,3,2007,"124,555"
WV,7.5,3,2008,"119,617"
WV,7.5,3,2009,"118,643"
WV,7.5,3,2010,"121,780"
WV,7.5,3,2011,"124,935"
WV,7.5,3,2012,"140,133"
WV,7.5,3,2013,"152,880"
WV,7.5,3,2014,"180,222"
WV,7.5,3,2015,"191,059"
WV,7.5,3,2016,"188,491"
WV,7.5,3,2017,"202,872"
WY,2,5,1960,"52,828"
WY,2,5,1961,"59,326"
WY,2,5,1962,"61,189"
WY,2,5,1963,"55,041"
WY,2,5,1964,"55,437"
WY,2,5,1965,"54,805"
WY,2,5,1966,"62,891"
WY,2,5,1967,"69,619"
WY,2,5,1968,"75,649"
WY,2,5,1969,"96,068"
WY,2,5,1970,"112,526"
WY,2,5,1971,"117,938"
WY,2,5,1972,"128,728"
WY,2,5,1973,"110,445"
WY,2,5,1974,"95,363"
WY,2,5,1975,"81,434"
WY,2,5,1976,"82,478"
WY,2,5,1977,"78,354"
WY,2,5,1978,"79,758"
WY,2,5,1979,"87,157"
WY,2,5,1980,"73,114"
WY,2,5,1981,"73,130"
WY,2,5,1982,"91,105"
WY,2,5,1983,"85,642"
WY,2,5,1984,"89,951"
WY,2,5,1985,"86,363"
WY,2,5,1986,"78,780"
WY,2,5,1987,"86,362"
WY,2,5,1988,"86,728"
WY,2,5,1989,"86,892"
WY,2,5,1990,"101,316"
WY,2,5,1991,"103,129"
WY,2,5,1992,"130,703"
WY,2,5,1993,"110,499"
WY,2,5,1994,"112,252"
WY,2,5,1995,"103,848"
WY,2,5,1996,"107,588"
WY,2,5,1997,"107,907"
WY,2,5,1998,"116,505"
WY,2,5,1999,"101,660"
WY,2,5,2000,"105,975"
WY,2,5,2001,"103,990"
WY,2,5,2002,"117,387"
WY,2,5,2003,"120,433"
WY,2,5,2004,"111,878"
WY,2,5,2005,"112,863"
WY,2,5,2006,"112,929"
WY,2,5,2007,"145,985"
WY,2,5,2008,"147,129"
WY,2,5,2009,"147,220"
WY,2,5,2010,"154,759"
WY,2,5,2011,"161,776"
WY,2,5,2012,"158,546"
WY,2,5,2013,"156,110"
WY,2,5,2014,"142,268"
WY,2,5,2015,"126,421"
WY,2,5,2016,"132,478"
WY,2,5,2017,"133,992"
US,,,1960,"12,385,366"
US,,,1961,"12,926,392"
US,,,1962,"13,730,841"
US,,,1963,"14,419,107"
US,,,1964,"15,297,642"
US,,,1965,"15,779,457"
US,,,1966,"17,005,781"
US,,,1967,"17,964,988"
US,,,1968,"19,204,569"
US,,,1969,"20,657,964"
US,,,1970,"21,692,710"
US,,,1971,"22,365,248"
US,,,1972,"22,682,497"
US,,,1973,"22,595,346"
US,,,1974,"21,729,561"
US,,,1975,"19,977,076"
US,,,1976,"20,381,227"
US,,,1977,"19,972,477"
US,,,1978,"20,067,662"
US,,,1979,"20,687,615"
US,,,1980,"20,383,954"
US,,,1981,"19,928,435"
US,,,1982,"18,515,242"
US,,,1983,"17,347,750"
US,,,1984,"18,502,834"
US,,,1985,"17,843,043"
US,,,1986,"16,718,431"
US,,,1987,"17,749,685"
US,,,1988,"18,562,882"
US,,,1989,"19,715,929"
US,,,1990,"19,752,485"
US,,,1991,"20,147,768"
US,,,1992,"20,843,610"
US,,,1993,"21,376,406"
US,,,1994,"21,870,095"
US,,,1995,"22,832,593"
US,,,1996,"23,262,444"
US,,,1997,"23,477,148"
US,,,1998,"23,015,631"
US,,,1999,"23,025,697"
US,,,2000,"23,907,237"
US,,,2001,"22,835,551"
US,,,2002,"23,582,195"
US,,,2003,"22,891,393"
US,,,2004,"22,988,315"
US,,,2005,"22,631,800"
US,,,2006,"22,292,657"
US,,,2007,"23,735,125"
US,,,2008,"23,898,175"
US,,,2009,"23,487,297"
US,,,2010,"24,633,507"
US,,,2011,"25,014,983"
US,,,2012,"26,138,351"
US,,,2013,"26,844,986"
US,,,2014,"27,438,655"
US,,,2015,"28,241,055"
US,,,2016,"28,452,762"
US,,,2017,"28,110,959"
